date,open,high,low,close,volume
2015-05-26 04:00:00,2.41,2.45,2.41,2.43,9125.0
2015-05-27 04:00:00,2.411,2.59,2.41,2.51,57213.0
2015-05-28 04:00:00,2.51,2.62,2.438,2.56,30245.0
2015-05-29 04:00:00,2.5,2.53,2.5,2.53,2853.0
2015-06-01 04:00:00,2.51,2.56,2.51,2.53,7049.0
2015-06-02 04:00:00,2.5,2.54,2.464,2.54,10278.0
2015-06-03 04:00:00,2.541,2.55,2.46,2.49,24175.0
2015-06-04 04:00:00,2.45,2.46,2.41,2.43,47690.0
2015-06-05 04:00:00,2.401,2.44,2.4,2.42,26409.0
2015-06-08 04:00:00,2.41,2.47,2.4,2.4,25630.0
2015-06-09 04:00:00,2.4056,2.42,2.4,2.41,21870.0
2015-06-10 04:00:00,2.42,2.51,2.4,2.51,141548.0
2015-06-11 04:00:00,2.52,2.552,2.48,2.52,38857.0
2015-06-12 04:00:00,2.5,2.53,2.4507,2.49,24334.0
2015-06-15 04:00:00,2.4535,2.5,2.45,2.48,17432.0
2015-06-16 04:00:00,2.5,2.53,2.474,2.51,27729.0
2015-06-17 04:00:00,2.501,2.505,2.46,2.475,26627.0
2015-06-18 04:00:00,2.4789,2.58,2.46,2.53,48876.0
2015-06-19 04:00:00,2.5,2.52,2.48,2.48,17818.0
2015-06-22 04:00:00,2.52,2.56,2.5,2.54,36825.0
2015-06-23 04:00:00,2.57,2.68,2.5399,2.63,91436.0
2015-06-24 04:00:00,2.63,2.68,2.53,2.58,52905.0
2015-06-25 04:00:00,2.56,2.67,2.54,2.59,35851.0
2015-06-26 04:00:00,2.5201,2.605,2.52,2.53,42787.0
2015-06-29 04:00:00,2.5,2.58,2.5,2.57,84860.0
2015-06-30 04:00:00,2.58,2.59,2.48,2.52,66145.0
2015-07-01 04:00:00,2.56,2.59,2.45,2.47,51353.0
2015-07-02 04:00:00,2.49,2.52,2.48,2.5,32091.0
2015-07-06 04:00:00,2.5,2.53,2.49,2.5,97756.0
2015-07-07 04:00:00,2.5,2.52,2.48,2.48,148551.0
2015-07-08 04:00:00,2.45,2.53,2.45,2.48,340628.0
2015-07-09 04:00:00,2.51,2.51,2.4,2.42,59859.0
2015-07-10 04:00:00,2.4,2.469,2.4,2.43,16302.0
2015-07-13 04:00:00,2.41,2.49,2.4,2.45,25035.0
2015-07-14 04:00:00,2.47,2.47,2.4,2.41,47695.0
2015-07-15 04:00:00,2.4,2.46,2.4,2.44,22188.0
2015-07-16 04:00:00,2.41,2.44,2.4,2.42,9500.0
2015-07-17 04:00:00,2.4164,2.47,2.4,2.45,22025.0
2015-07-20 04:00:00,2.47,2.47,2.3933,2.42,32316.0
2015-07-21 04:00:00,2.4053,2.48,2.402,2.43,27373.0
2015-07-22 04:00:00,2.41,2.455,2.4,2.41,20077.0
2015-07-23 04:00:00,2.4272,2.4699,2.38,2.43,89006.0
2015-07-24 04:00:00,2.41,2.47,2.39,2.4,77724.0
2015-07-27 04:00:00,2.4,2.42,2.3832,2.4,36677.0
2015-07-28 04:00:00,2.4,2.43,2.38,2.42,73963.0
2015-07-29 04:00:00,2.41,2.41,2.32,2.34,95481.0
2015-07-30 04:00:00,2.38,2.41,2.32,2.38,55199.0
2015-07-31 04:00:00,2.38,2.4401,2.35,2.35,38234.0
2015-08-03 04:00:00,2.35,2.35,2.28,2.28,20080.0
2015-08-04 04:00:00,2.241,2.29,2.21,2.22,23642.0
2015-08-05 04:00:00,2.1999,2.1999,2.15,2.17,16509.0
2015-08-06 04:00:00,2.13,2.14,2.12,2.14,15223.0
2015-08-07 04:00:00,2.08,2.22,1.98,2.2,79030.0
2015-08-10 04:00:00,2.199,2.24,2.05,2.24,98913.0
2015-08-11 04:00:00,2.19,2.26,2.175,2.21,63642.0
2015-08-12 04:00:00,2.1701,2.21,2.14,2.21,20072.0
2015-08-13 04:00:00,2.23,2.24,2.1748,2.21,23039.0
2015-08-14 04:00:00,2.12,2.22,2.12,2.21,39559.0
2015-08-17 04:00:00,2.17,2.25,2.15,2.21,49555.0
2015-08-18 04:00:00,2.21,2.26,2.19,2.21,59146.0
2015-08-19 04:00:00,2.23,2.25,2.16,2.18,51873.0
2015-08-20 04:00:00,2.17,2.18,2.13,2.13,38508.0
2015-08-21 04:00:00,2.12,2.2,2.1,2.15,43183.0
2015-08-24 04:00:00,2.1,2.17,2.05,2.14,106478.0
2015-08-25 04:00:00,2.15,2.2101,2.11,2.16,146673.0
2015-08-26 04:00:00,2.16,2.17,2.11,2.16,76327.0
2015-08-27 04:00:00,2.18,2.19,2.14,2.14,17031.0
2015-08-28 04:00:00,2.17,2.26,2.17,2.2,44853.0
2015-08-31 04:00:00,2.17,2.289,2.17,2.19,45235.0
2015-09-01 04:00:00,2.17,2.23,2.15,2.17,23921.0
2015-09-02 04:00:00,2.19,2.19,2.13,2.14,31213.0
2015-09-03 04:00:00,2.15,2.16,2.105,2.13,30596.0
2015-09-04 04:00:00,2.103,2.15,2.1,2.15,10082.0
2015-09-08 04:00:00,2.18,2.18,2.12,2.14,26497.0
2015-09-09 04:00:00,2.16,2.2,2.14,2.18,11098.0
2015-09-10 04:00:00,2.17,2.3099,2.17,2.22,14812.0
2015-09-11 04:00:00,2.18,2.29,2.13,2.22,14551.0
2015-09-14 04:00:00,2.2,2.2,2.11,2.13,18524.0
2015-09-15 04:00:00,2.13,2.18,2.13,2.17,19572.0
2015-09-16 04:00:00,2.17,2.17,2.11,2.15,20452.0
2015-09-17 04:00:00,2.1201,2.21,2.12,2.14,11611.0
2015-09-18 04:00:00,2.12,2.17,2.12,2.17,28157.0
2015-09-21 04:00:00,2.16,2.18,2.13,2.17,3687.0
2015-09-22 04:00:00,2.16,2.16,2.09,2.09,28701.0
2015-09-23 04:00:00,2.09,2.11,2.06,2.08,12564.0
2015-09-24 04:00:00,2.06,2.08,1.98,1.99,38709.0
2015-09-25 04:00:00,1.998,2.08,1.98,1.98,38915.0
2015-09-28 04:00:00,2.012,2.012,1.9401,1.97,23966.0
2015-09-29 04:00:00,1.97,2.04,1.96,1.99,11253.0
2015-09-30 04:00:00,1.95,1.9956,1.91,1.92,37927.0
2015-10-01 04:00:00,1.93,1.97,1.9,1.92,38197.0
2015-10-02 04:00:00,1.95,2.0,1.91,1.99,21272.0
2015-10-05 04:00:00,1.98,2.02,1.92,2.02,121341.0
2015-10-06 04:00:00,2.0,2.09,1.98,2.09,212059.0
2015-10-07 04:00:00,2.08,2.1,1.93,2.09,11689.0
2015-10-08 04:00:00,2.07,2.1,2.05,2.06,84399.0
2015-10-09 04:00:00,2.06,2.1259,2.06,2.11,41986.0
2015-10-12 04:00:00,2.12,2.12,2.0601,2.11,20759.0
2015-10-13 04:00:00,2.15,2.28,2.15,2.21,106888.0
2015-10-14 04:00:00,2.212,2.25,2.16,2.19,19996.0
2015-10-15 04:00:00,2.25,2.25,2.17,2.22,12610.0
2015-10-16 04:00:00,2.25,2.277,2.22,2.25,96714.0
2015-10-19 04:00:00,2.26,2.276,2.23,2.24,3701.0
2015-10-20 04:00:00,2.27,2.28,2.21,2.28,10513.0
2015-10-21 04:00:00,2.29,2.29,2.17,2.2599,40382.0
2015-10-22 04:00:00,2.26,2.27,2.2,2.22,2332.0
2015-10-23 04:00:00,2.17,2.28,2.17,2.2509,14981.0
2015-10-26 04:00:00,2.24,2.25,2.2,2.22,14314.0
2015-10-27 04:00:00,2.22,2.23,2.195,2.22,57521.0
2015-10-28 04:00:00,2.21,2.25,2.2,2.21,28749.0
2015-10-29 04:00:00,2.25,2.25,2.17,2.17,21314.0
2015-10-30 04:00:00,2.23,2.28,2.17,2.2,14289.0
2015-11-02 05:00:00,2.17,2.23,2.17,2.18,16603.0
2015-11-03 05:00:00,2.13,2.25,2.12,2.18,60097.0
2015-11-04 05:00:00,2.1735,2.27,2.173,2.26,28021.0
2015-11-05 05:00:00,2.26,2.3,2.26,2.3,25928.0
2015-11-06 05:00:00,2.29,2.29,2.2,2.21,25777.0
2015-11-09 05:00:00,2.2001,2.31,2.2001,2.21,32749.0
2015-11-10 05:00:00,2.21,2.31,2.21,2.28,32627.0
2015-11-11 05:00:00,2.28,2.32,2.265,2.31,20406.0
2015-11-12 05:00:00,2.28,2.3,2.2601,2.3,21243.0
2015-11-13 05:00:00,2.29,2.33,2.29,2.31,7248.0
2015-11-16 05:00:00,2.33,2.33,2.2901,2.33,11494.0
2015-11-17 05:00:00,2.318,2.35,2.29,2.31,7115.0
2015-11-18 05:00:00,2.3018,2.35,2.29,2.34,69470.0
2015-11-19 05:00:00,2.35,2.39,2.28,2.33,170120.0
2015-11-20 05:00:00,2.35,2.36,2.29,2.32,262832.0
2015-11-23 05:00:00,2.32,2.3501,2.3,2.31,43417.0
2015-11-24 05:00:00,2.34,2.45,2.3,2.44,185464.0
2015-11-25 05:00:00,2.45,2.46,2.345,2.45,15699.0
2015-11-27 05:00:00,2.47,2.47,2.41,2.42,14665.0
2015-11-30 05:00:00,2.42,2.479,2.4,2.4,21643.0
2015-12-01 05:00:00,2.4,2.54,2.4,2.53,92417.0
2015-12-02 05:00:00,2.5086,2.56,2.5,2.53,96412.0
2015-12-03 05:00:00,2.53,2.54,2.5,2.51,15602.0
2015-12-04 05:00:00,2.47,2.5392,2.45,2.52,28899.0
2015-12-07 05:00:00,2.5,2.55,2.5,2.51,37369.0
2015-12-08 05:00:00,2.47,2.53,2.46,2.5,35273.0
2015-12-09 05:00:00,2.55,2.7,2.55,2.65,146544.0
2015-12-10 05:00:00,2.68,2.69,2.63,2.67,88015.0
2015-12-11 05:00:00,2.67,2.67,2.5,2.53,28819.0
2015-12-14 05:00:00,2.53,2.56,2.45,2.5,106798.0
2015-12-15 05:00:00,2.5,2.535,2.42,2.46,34523.0
2015-12-16 05:00:00,2.44,2.45,2.42,2.42,20172.0
2015-12-17 05:00:00,2.45,2.52,2.42,2.5,16530.0
2015-12-18 05:00:00,2.5,2.54,2.49,2.51,25921.0
2015-12-21 05:00:00,2.55,2.55,2.501,2.53,19985.0
2015-12-22 05:00:00,2.52,2.53,2.5,2.5,18864.0
2015-12-23 05:00:00,2.5,2.54,2.49,2.5,16109.0
2015-12-24 05:00:00,2.5,2.54,2.5,2.53,3739.0
2015-12-28 05:00:00,2.52,2.53,2.5,2.5,18528.0
2015-12-29 05:00:00,2.5,2.51,2.5,2.5,8522.0
2015-12-30 05:00:00,2.5,2.52,2.44,2.44,30258.0
2015-12-31 05:00:00,2.46,2.52,2.4201,2.48,48639.0
2016-01-04 05:00:00,2.45,2.63,2.45,2.61,150891.0
2016-01-05 05:00:00,2.6,2.67,2.53,2.62,24291.0
2016-01-06 05:00:00,2.58,2.64,2.58,2.6,21959.0
2016-01-07 05:00:00,2.6,2.6,2.46,2.47,25504.0
2016-01-08 05:00:00,2.45,2.5889,2.44,2.47,62966.0
2016-01-11 05:00:00,2.46,2.54,2.44,2.5,39733.0
2016-01-12 05:00:00,2.52,2.6,2.47,2.47,18635.0
2016-01-13 05:00:00,2.49,2.49,2.4,2.4,184050.0
2016-01-14 05:00:00,2.4,2.5001,2.39,2.5,32590.0
2016-01-15 05:00:00,2.48,2.49,2.35,2.39,123128.0
2016-01-19 05:00:00,2.36,2.46,2.35,2.35,42385.0
2016-01-20 05:00:00,2.35,2.46,2.28,2.42,31632.0
2016-01-21 05:00:00,2.29,2.44,2.29,2.44,5893.0
2016-01-22 05:00:00,2.46,2.58,2.423,2.57,37585.0
2016-01-25 05:00:00,2.55,2.58,2.4,2.41,58426.0
2016-01-26 05:00:00,2.46,2.59,2.4,2.45,30987.0
2016-01-27 05:00:00,2.56,2.61,2.5,2.505,26921.0
2016-01-28 05:00:00,2.59,2.59,2.49,2.53,23112.0
2016-01-29 05:00:00,2.52,2.59,2.51,2.51,31867.0
2016-02-01 05:00:00,2.51,2.56,2.5,2.5,50781.0
2016-02-02 05:00:00,2.49,2.65,2.48,2.62,77916.0
2016-02-03 05:00:00,2.5586,2.97,2.5495,2.8399,241511.0
2016-02-04 05:00:00,2.84,2.89,2.77,2.8,95085.0
2016-02-05 05:00:00,2.82,2.8297,2.7448,2.78,28554.0
2016-02-08 05:00:00,2.77,2.77,2.525,2.72,44542.0
2016-02-09 05:00:00,2.78,2.79,2.71,2.78,184495.0
2016-02-10 05:00:00,2.78,2.78,2.67,2.68,14457.0
2016-02-11 05:00:00,2.7,2.71,2.62,2.65,5033.0
2016-02-12 05:00:00,2.71,2.74,2.54,2.63,6221.0
2016-02-16 05:00:00,2.63,2.76,2.625,2.63,7170.0
2016-02-17 05:00:00,2.68,2.755,2.6,2.67,6322.0
2016-02-18 05:00:00,2.64,2.753,2.59,2.65,8112.0
2016-02-19 05:00:00,2.66,2.66,2.58,2.59,8876.0
2016-02-22 05:00:00,2.5706,2.78,2.5409,2.71,81392.0
2016-02-23 05:00:00,2.66,2.76,2.6,2.66,34689.0
2016-02-24 05:00:00,2.6601,2.73,2.6601,2.73,37652.0
2016-02-25 05:00:00,2.75,2.75,2.62,2.62,12795.0
2016-02-26 05:00:00,2.62,2.745,2.53,2.56,20822.0
2016-02-29 05:00:00,2.5113,2.57,2.48,2.51,46626.0
2016-03-01 05:00:00,2.49,2.75,2.49,2.68,88252.0
2016-03-02 05:00:00,2.69,2.69,2.59,2.6,7980.0
2016-03-03 05:00:00,2.6,2.69,2.59,2.6,40262.0
2016-03-04 05:00:00,2.68,2.69,2.5,2.57,31783.0
2016-03-07 05:00:00,2.53,2.7,2.52,2.67,51335.0
2016-03-08 05:00:00,2.61,2.71,2.61,2.66,18618.0
2016-03-09 05:00:00,2.71,2.87,2.7,2.8,130420.0
2016-03-10 05:00:00,2.85,2.92,2.71,2.71,54022.0
2016-03-11 05:00:00,2.68,2.81,2.67,2.695,13143.0
2016-03-14 04:00:00,2.66,2.89,2.63,2.65,12924.0
2016-03-15 04:00:00,2.65,2.65,2.56,2.61,17938.0
2016-03-16 04:00:00,2.58,2.67,2.5501,2.67,19025.0
2016-03-17 04:00:00,2.85,2.85,2.56,2.61,38335.0
2016-03-18 04:00:00,2.5851,2.61,2.53,2.57,34725.0
2016-03-21 04:00:00,2.55,2.7,2.5,2.54,3347.0
2016-03-22 04:00:00,2.53,2.53,2.5,2.5,9269.0
2016-03-23 04:00:00,2.5,2.5,2.48,2.48,8732.0
2016-03-24 04:00:00,2.48,2.48,2.43,2.45,34176.0
2016-03-28 04:00:00,2.45,2.58,2.43,2.57,15676.0
2016-03-29 04:00:00,2.55,2.7,2.53,2.6,22002.0
2016-03-30 04:00:00,2.6,2.6,2.54,2.57,22371.0
2016-03-31 04:00:00,2.5501,2.5501,2.47,2.47,39481.0
2016-04-01 04:00:00,2.53,2.69,2.52,2.55,78810.0
2016-04-04 04:00:00,2.55,2.55,2.49,2.55,28318.0
2016-04-05 04:00:00,2.55,2.55,2.51,2.525,17066.0
2016-04-06 04:00:00,2.5201,2.55,2.5,2.5,39186.0
2016-04-07 04:00:00,2.54,2.55,2.51,2.55,31331.0
2016-04-08 04:00:00,2.55,2.55,2.52,2.55,20940.0
2016-04-11 04:00:00,2.52,2.55,2.52,2.55,23659.0
2016-04-12 04:00:00,2.54,2.55,2.52,2.52,7692.0
2016-04-13 04:00:00,2.53,2.55,2.52,2.52,33418.0
2016-04-14 04:00:00,2.523,2.55,2.52,2.55,9259.0
2016-04-15 04:00:00,2.549,2.58,2.52,2.52,112645.0
2016-04-18 04:00:00,2.56,2.69,2.55,2.55,91358.0
2016-04-19 04:00:00,2.63,2.6499,2.56,2.63,54229.0
2016-04-20 04:00:00,2.65,2.65,2.58,2.6089,32869.0
2016-04-21 04:00:00,2.64,2.64,2.54,2.55,51516.0
2016-04-22 04:00:00,2.56,2.6,2.54,2.57,19253.0
2016-04-25 04:00:00,2.75,2.765,2.64,2.67,121359.0
2016-04-26 04:00:00,2.66,2.77,2.66,2.68,15070.0
2016-04-27 04:00:00,2.7,2.71,2.63,2.7,32458.0
2016-04-28 04:00:00,2.67,2.78,2.64,2.71,41650.0
2016-04-29 04:00:00,2.67,2.67,2.545,2.57,112772.0
2016-05-02 04:00:00,2.64,2.7,2.5599,2.65,36229.0
2016-05-03 04:00:00,2.85,3.92,2.8,3.0,6363184.0
2016-05-04 04:00:00,3.05,3.16,2.94,3.06,966265.0
2016-05-05 04:00:00,3.12,3.19,2.99,3.18,514680.0
2016-05-06 04:00:00,3.18,3.2,3.06,3.12,140093.0
2016-05-09 04:00:00,3.17,3.2,3.09,3.13,156260.0
2016-05-10 04:00:00,3.13,3.155,3.106,3.15,116170.0
2016-05-11 04:00:00,3.15,3.18,3.12,3.15,81857.0
2016-05-12 04:00:00,3.13,3.2,3.12,3.2,126990.0
2016-05-13 04:00:00,3.12,3.2,3.12,3.18,145110.0
2016-05-16 04:00:00,3.18,3.36,3.18,3.3,483752.0
2016-05-17 04:00:00,3.33,3.41,3.3,3.38,858326.0
2016-05-18 04:00:00,3.4,3.4,3.31,3.38,136625.0
2016-05-19 04:00:00,3.4,3.41,3.23,3.23,174925.0
2016-05-20 04:00:00,3.2,3.23,3.16,3.22,132082.0
2016-05-23 04:00:00,3.22,3.3601,3.2001,3.25,133605.0
2016-05-24 04:00:00,3.26,3.42,3.26,3.37,226528.0
2016-05-25 04:00:00,3.44,3.6,3.39,3.58,430989.0
2016-05-26 04:00:00,3.65,3.75,3.59,3.69,513346.0
2016-05-27 04:00:00,3.7,3.7999,3.37,3.41,420748.0
2016-05-31 04:00:00,3.45,3.69,3.44,3.56,444217.0
2016-06-01 04:00:00,3.56,3.6796,3.46,3.54,129242.0
2016-06-02 04:00:00,3.54,3.669,3.54,3.63,177570.0
2016-06-03 04:00:00,3.63,3.63,3.46,3.56,140250.0
2016-06-06 04:00:00,3.46,3.5562,3.41,3.52,281726.0
2016-06-07 04:00:00,3.5,3.54,3.41,3.53,197581.0
2016-06-08 04:00:00,3.48,3.56,3.424,3.5,147449.0
2016-06-09 04:00:00,3.47,3.56,3.44,3.54,55346.0
2016-06-10 04:00:00,3.49,3.55,3.4527,3.52,113162.0
2016-06-13 04:00:00,3.49,3.52,3.41,3.47,90049.0
2016-06-14 04:00:00,3.42,3.5,3.42,3.45,57764.0
2016-06-15 04:00:00,3.48,3.5,3.41,3.46,56275.0
2016-06-16 04:00:00,3.45,3.45,3.22,3.31,175827.0
2016-06-17 04:00:00,3.27,3.3,3.22,3.28,63896.0
2016-06-20 04:00:00,3.25,3.44,3.2,3.41,97415.0
2016-06-21 04:00:00,3.44,3.44,3.36,3.4,26121.0
2016-06-22 04:00:00,3.39,3.41,3.3,3.33,42998.0
2016-06-23 04:00:00,3.49,3.49,3.27,3.38,28533.0
2016-06-24 04:00:00,3.27,3.27,3.18,3.2,71047.0
2016-06-27 04:00:00,3.13,3.13,2.95,2.97,161151.0
2016-06-28 04:00:00,2.99,3.17,2.99,3.13,37305.0
2016-06-29 04:00:00,3.17,3.17,3.1,3.15,118145.0
2016-06-30 04:00:00,3.15,3.22,3.13,3.19,90514.0
2016-07-01 04:00:00,3.19,3.33,3.1245,3.3,170476.0
2016-07-05 04:00:00,3.25,3.34,3.2101,3.29,251012.0
2016-07-06 04:00:00,3.28,3.34,3.21,3.29,80296.0
2016-07-07 04:00:00,3.33,3.44,3.29,3.36,45091.0
2016-07-08 04:00:00,3.38,3.42,3.34,3.4,14930.0
2016-07-11 04:00:00,3.37,3.43,3.32,3.37,44768.0
2016-07-12 04:00:00,3.44,3.44,3.33,3.33,57331.0
2016-07-13 04:00:00,3.31,3.35,3.31,3.34,14193.0
2016-07-14 04:00:00,3.39,3.39,3.35,3.37,10277.0
2016-07-15 04:00:00,3.37,3.37,3.31,3.32,15585.0
2016-07-18 04:00:00,3.3,3.37,3.3,3.37,24340.0
2016-07-19 04:00:00,3.33,3.43,3.33,3.4,42140.0
2016-07-20 04:00:00,3.4,3.49,3.3615,3.48,73933.0
2016-07-21 04:00:00,3.5,3.5,3.331,3.41,42346.0
2016-07-22 04:00:00,3.4,3.55,3.36,3.52,111368.0
2016-07-25 04:00:00,3.56,3.62,3.5,3.59,175434.0
2016-07-26 04:00:00,3.62,3.7,3.51,3.64,83616.0
2016-07-27 04:00:00,3.65,3.7,3.62,3.66,121216.0
2016-07-28 04:00:00,4.0,4.01,3.77,3.78,769880.0
2016-07-29 04:00:00,3.83,3.86,3.71,3.75,196310.0
2016-08-01 04:00:00,3.75,3.82,3.74,3.78,131737.0
2016-08-02 04:00:00,3.8,3.84,3.64,3.65,409992.0
2016-08-03 04:00:00,3.62,3.7699,3.62,3.74,76526.0
2016-08-04 04:00:00,3.75,3.82,3.74,3.78,166682.0
2016-08-05 04:00:00,3.78,3.87,3.7261,3.87,112955.0
2016-08-08 04:00:00,3.84,4.0,3.78,3.99,226720.0
2016-08-09 04:00:00,3.99,4.05,3.87,3.96,181398.0
2016-08-10 04:00:00,3.96,3.97,3.9,3.9,64203.0
2016-08-11 04:00:00,3.91,3.98,3.91,3.98,85965.0
2016-08-12 04:00:00,3.98,3.98,3.932,3.98,114726.0
2016-08-15 04:00:00,3.88,3.95,3.81,3.92,166081.0
2016-08-16 04:00:00,3.77,3.9,3.77,3.86,110632.0
2016-08-17 04:00:00,3.83,3.92,3.83,3.84,48438.0
2016-08-18 04:00:00,3.86,3.91,3.84,3.86,56023.0
2016-08-19 04:00:00,3.88,4.0,3.8,3.96,184057.0
2016-08-22 04:00:00,3.92,4.0389,3.92,4.02,239269.0
2016-08-23 04:00:00,4.05,4.48,4.0376,4.35,588364.0
2016-08-24 04:00:00,4.43,4.48,4.3201,4.4,266872.0
2016-08-25 04:00:00,4.44,4.52,4.37,4.49,186411.0
2016-08-26 04:00:00,4.46,4.46,4.3,4.44,200643.0
2016-08-29 04:00:00,4.39,4.39,4.25,4.38,175623.0
2016-08-30 04:00:00,4.35,4.4,4.31,4.34,96149.0
2016-08-31 04:00:00,4.33,4.36,4.25,4.27,81903.0
2016-09-01 04:00:00,4.22,4.34,4.22,4.29,69480.0
2016-09-02 04:00:00,4.31,4.39,4.31,4.37,89681.0
2016-09-06 04:00:00,4.33,4.48,4.31,4.45,173738.0
2016-09-07 04:00:00,4.39,4.474,4.38,4.39,101890.0
2016-09-08 04:00:00,4.33,4.33,4.26,4.31,89970.0
2016-09-09 04:00:00,4.26,4.2999,4.1401,4.15,82424.0
2016-09-12 04:00:00,4.09,4.2,3.85,4.12,168435.0
2016-09-13 04:00:00,4.15,4.3,4.071,4.23,129882.0
2016-09-14 04:00:00,4.27,4.33,4.17,4.31,114213.0
2016-09-15 04:00:00,4.31,4.49,4.27,4.44,140879.0
2016-09-16 04:00:00,4.45,4.95,4.38,4.75,1446441.0
2016-09-19 04:00:00,4.9,4.9,4.74,4.8,503507.0
2016-09-20 04:00:00,4.82,4.82,4.75,4.78,250295.0
2016-09-21 04:00:00,4.78,5.08,4.78,4.99,822648.0
2016-09-22 04:00:00,4.99,5.04,4.911,4.99,405307.0
2016-09-23 04:00:00,5.03,5.03,4.86,4.87,167289.0
2016-09-26 04:00:00,4.82,4.95,4.78,4.86,116933.0
2016-09-27 04:00:00,4.81,4.95,4.81,4.87,152747.0
2016-09-28 04:00:00,4.91,5.0,4.82,4.99,256956.0
2016-09-29 04:00:00,5.0,5.01,4.92,4.94,217925.0
2016-09-30 04:00:00,5.0,5.21,4.94,5.19,494303.0
2016-10-03 04:00:00,5.23,5.63,5.221,5.54,999152.0
2016-10-04 04:00:00,5.54,5.62,5.4,5.5,338863.0
2016-10-05 04:00:00,5.49,5.7,5.4132,5.7,424180.0
2016-10-06 04:00:00,5.73,5.97,5.5,5.93,692976.0
2016-10-07 04:00:00,5.84,5.9401,5.73,5.85,405084.0
2016-10-10 04:00:00,5.84,5.9,5.75,5.76,308725.0
2016-10-11 04:00:00,5.76,5.8,5.55,5.64,223866.0
2016-10-12 04:00:00,5.65,5.66,5.47,5.52,261850.0
2016-10-13 04:00:00,5.43,5.45,5.2,5.32,417559.0
2016-10-14 04:00:00,5.35,5.56,5.35,5.55,230921.0
2016-10-17 04:00:00,5.48,5.63,5.33,5.59,182830.0
2016-10-18 04:00:00,5.48,5.7,5.36,5.5,243547.0
2016-10-19 04:00:00,5.48,5.64,5.4,5.59,207110.0
2016-10-20 04:00:00,5.48,5.57,5.47,5.52,168291.0
2016-10-21 04:00:00,5.48,5.785,5.43,5.75,521408.0
2016-10-24 04:00:00,5.7,5.9,5.69,5.74,449880.0
2016-10-25 04:00:00,5.65,5.7,5.4391,5.6,301471.0
2016-10-26 04:00:00,5.6,5.8,5.57,5.73,478925.0
2016-10-27 04:00:00,5.38,5.392,4.76,5.17,882981.0
2016-10-28 04:00:00,5.19,5.43,5.1655,5.21,287913.0
2016-10-31 04:00:00,5.1,5.3,4.95,5.15,393630.0
2016-11-01 04:00:00,5.2,5.3,5.0,5.0,204227.0
2016-11-02 04:00:00,5.0,5.15,4.9,5.0,338486.0
2016-11-03 04:00:00,5.0,5.1,4.75,4.8,224206.0
2016-11-04 04:00:00,4.75,5.3,4.555,5.15,982614.0
2016-11-07 05:00:00,5.3,5.5,5.2,5.2,355793.0
2016-11-08 05:00:00,5.25,5.4,4.925,5.0,266433.0
2016-11-09 05:00:00,4.75,5.3,4.7,5.05,242737.0
2016-11-10 05:00:00,5.2,5.2,4.8,4.9,221626.0
2016-11-11 05:00:00,4.8,4.9,4.75,4.75,185000.0
2016-11-14 05:00:00,4.8,4.95,4.75,4.85,223879.0
2016-11-15 05:00:00,4.95,5.05,4.85,5.05,214963.0
2016-11-16 05:00:00,5.05,5.25,5.0201,5.2,323676.0
2016-11-17 05:00:00,5.25,5.25,4.975,5.05,97810.0
2016-11-18 05:00:00,5.05,5.25,5.0,5.1,87249.0
2016-11-21 05:00:00,5.2,5.3,5.1,5.25,352863.0
2016-11-22 05:00:00,5.25,5.3,4.95,5.05,292241.0
2016-11-23 05:00:00,5.1,5.175,4.955,5.1,140232.0
2016-11-25 05:00:00,5.2,5.2,5.05,5.1,96993.0
2016-11-28 05:00:00,5.15,5.2,5.0,5.1,235485.0
2016-11-29 05:00:00,5.05,5.1,4.85,4.95,204778.0
2016-11-30 05:00:00,4.95,5.1,4.7,4.8,298607.0
2016-12-01 05:00:00,4.75,4.9,4.35,4.35,412101.0
2016-12-02 05:00:00,4.35,4.8,4.35,4.7,269825.0
2016-12-05 05:00:00,4.7,4.9,4.6,4.65,199794.0
2016-12-06 05:00:00,4.65,4.8,4.65,4.7,90267.0
2016-12-07 05:00:00,4.65,4.8,4.55,4.65,140995.0
2016-12-08 05:00:00,4.6,4.95,4.56,4.85,195787.0
2016-12-09 05:00:00,4.9,5.1,4.87,5.05,260837.0
2016-12-12 05:00:00,5.0,5.1,4.9149,5.05,183621.0
2016-12-13 05:00:00,5.1,5.225,4.85,4.95,236720.0
2016-12-14 05:00:00,5.0,5.0,4.7,4.85,185674.0
2016-12-15 05:00:00,4.85,4.95,4.65,4.7,189587.0
2016-12-16 05:00:00,4.65,4.9,4.61,4.7,171435.0
2016-12-19 05:00:00,4.65,4.9,4.65,4.8,131490.0
2016-12-20 05:00:00,4.85,5.0,4.8,4.95,160148.0
2016-12-21 05:00:00,4.95,5.05,4.905,4.95,162640.0
2016-12-22 05:00:00,5.1,5.25,4.95,5.0,137810.0
2016-12-23 05:00:00,4.95,5.25,4.95,5.25,252510.0
2016-12-27 05:00:00,5.25,5.25,4.95,5.15,221315.0
2016-12-28 05:00:00,5.1,5.2,5.025,5.1,112228.0
2016-12-29 05:00:00,5.1,5.15,4.95,5.0,68944.0
2016-12-30 05:00:00,5.0,5.0,4.8,4.8,205525.0
2017-01-03 05:00:00,4.85,4.9,4.675,4.9,293589.0
2017-01-04 05:00:00,4.9,5.0,4.75,4.85,224122.0
2017-01-05 05:00:00,4.9,5.1,4.85,5.0,157285.0
2017-01-06 05:00:00,5.05,5.05,4.9,5.0,139444.0
2017-01-09 05:00:00,5.0,5.6,5.0,5.45,729432.0
2017-01-10 05:00:00,5.4,5.5,5.15,5.3,397036.0
2017-01-11 05:00:00,5.3,5.94,5.25,5.8,812208.0
2017-01-12 05:00:00,5.85,5.9,5.5,5.6,375187.0
2017-01-13 05:00:00,5.55,6.2,5.55,6.0,767026.0
2017-01-17 05:00:00,5.85,6.1,5.7,5.85,293007.0
2017-01-18 05:00:00,5.8,5.945,5.75,5.8,313580.0
2017-01-19 05:00:00,5.8,6.145,5.7,5.85,433404.0
2017-01-20 05:00:00,5.85,6.175,5.85,6.0,528217.0
2017-01-23 05:00:00,6.0,6.2,5.9,5.95,367793.0
2017-01-24 05:00:00,5.9,6.2,5.85,6.1,436570.0
2017-01-25 05:00:00,6.2,6.675,6.15,6.6,1313446.0
2017-01-26 05:00:00,6.6,6.6,6.25,6.3,512872.0
2017-01-27 05:00:00,6.35,6.35,6.05,6.2,269164.0
2017-01-30 05:00:00,6.2,6.2,5.95,5.95,330253.0
2017-01-31 05:00:00,5.9,6.0,5.65,5.75,352010.0
2017-02-01 05:00:00,5.75,5.875,5.7,5.7,242589.0
2017-02-02 05:00:00,5.7,5.85,5.7,5.75,164703.0
2017-02-03 05:00:00,5.75,5.85,5.7186,5.75,173289.0
2017-02-06 05:00:00,5.7,5.85,5.5656,5.65,191408.0
2017-02-07 05:00:00,5.6,5.825,5.6,5.8,161163.0
2017-02-08 05:00:00,5.7,6.35,5.65,6.2,599202.0
2017-02-09 05:00:00,6.25,6.3,6.1,6.1,184228.0
2017-02-10 05:00:00,6.15,6.3337,6.05,6.2,226051.0
2017-02-13 05:00:00,6.45,6.8,6.45,6.7,833401.0
2017-02-14 05:00:00,6.8,7.05,6.75,6.9,947030.0
2017-02-15 05:00:00,6.95,7.14,6.75,7.05,440678.0
2017-02-16 05:00:00,7.15,7.25,7.05,7.15,322662.0
2017-02-17 05:00:00,7.15,7.45,7.05,7.35,712191.0
2017-02-21 05:00:00,7.45,7.6,7.1,7.25,621316.0
2017-02-22 05:00:00,7.25,7.275,6.85,6.9,621821.0
2017-02-23 05:00:00,7.05,8.65,7.05,7.6,2442140.0
2017-02-24 05:00:00,7.65,7.95,7.505,7.95,496601.0
2017-02-27 05:00:00,7.65,7.8,6.95,7.0,1101303.0
2017-02-28 05:00:00,7.0,7.35,6.95,7.1,469594.0
2017-03-01 05:00:00,7.2,7.55,7.145,7.5,614999.0
2017-03-02 05:00:00,6.75,6.95,6.55,6.7,6076215.0
2017-03-03 05:00:00,6.65,7.1,6.65,7.0,656485.0
2017-03-06 05:00:00,7.0,7.0,6.55,6.85,571683.0
2017-03-07 05:00:00,6.9,6.95,6.65,6.8,312248.0
2017-03-08 05:00:00,6.85,6.875,6.6135,6.75,495719.0
2017-03-09 05:00:00,6.75,7.125,6.65,6.9,549889.0
2017-03-10 05:00:00,6.95,7.0034,6.7,6.7,370264.0
2017-03-13 04:00:00,6.75,6.9,6.725,6.8,350106.0
2017-03-14 04:00:00,6.75,6.95,6.7,6.95,382471.0
2017-03-15 04:00:00,7.0,7.5,6.84,7.4,767445.0
2017-03-16 04:00:00,6.75,7.0,5.9,6.6,3034792.0
2017-03-17 04:00:00,6.3,6.4,5.5,5.55,3589800.0
2017-03-20 04:00:00,5.95,6.15,5.6,5.75,2270300.0
2017-03-21 04:00:00,5.85,5.95,5.55,5.55,883584.0
2017-03-22 04:00:00,5.65,5.65,5.1,5.1,1558556.0
2017-03-23 04:00:00,5.25,5.75,5.2,5.7,1316244.0
2017-03-24 04:00:00,5.75,5.85,5.5,5.65,699304.0
2017-03-27 04:00:00,5.6,5.75,5.5,5.6,775266.0
2017-03-28 04:00:00,5.65,5.65,5.5,5.6,810480.0
2017-03-29 04:00:00,5.6,5.675,5.55,5.6,456230.0
2017-03-30 04:00:00,5.6,5.85,5.55,5.8,367651.0
2017-03-31 04:00:00,5.85,5.85,5.6,5.8,428257.0
2017-04-03 04:00:00,5.85,5.9,5.55,5.7,602500.0
2017-04-04 04:00:00,5.7,5.75,5.55,5.65,400606.0
2017-04-05 04:00:00,5.7,5.8,5.519,5.65,617472.0
2017-04-06 04:00:00,5.65,5.8,5.55,5.75,343092.0
2017-04-07 04:00:00,5.75,6.05,5.725,6.0,914857.0
2017-04-10 04:00:00,6.0,6.175,5.55,5.7,1002744.0
2017-04-11 04:00:00,5.65,5.95,5.5,5.6,960039.0
2017-04-12 04:00:00,5.65,5.825,5.55,5.75,835280.0
2017-04-13 04:00:00,5.8,5.8,5.6,5.75,490978.0
2017-04-17 04:00:00,5.8,5.9,5.6,5.7,361594.0
2017-04-18 04:00:00,5.7,5.9,5.64,5.85,390107.0
2017-04-19 04:00:00,5.95,6.1,5.775,6.05,668488.0
2017-04-20 04:00:00,6.1,6.5,6.0,6.4,796462.0
2017-04-21 04:00:00,6.35,6.525,6.155,6.4,698015.0
2017-04-24 04:00:00,6.5,6.53,6.15,6.3,704550.0
2017-04-25 04:00:00,6.45,6.5,6.3,6.4,417334.0
2017-04-26 04:00:00,6.35,6.5,6.05,6.15,964150.0
2017-04-27 04:00:00,6.6,7.0,6.35,7.0,1970732.0
2017-04-28 04:00:00,7.05,7.05,6.75,6.75,506383.0
2017-05-01 04:00:00,6.95,7.175,6.75,7.1,611117.0
2017-05-02 04:00:00,7.05,7.1294,6.85,7.05,515194.0
2017-05-03 04:00:00,7.05,7.05,6.7,6.75,446568.0
2017-05-04 04:00:00,6.85,6.95,6.7,6.75,395947.0
2017-05-05 04:00:00,6.75,6.9,6.5,6.9,399947.0
2017-05-08 04:00:00,6.85,7.0,6.8,6.8,327667.0
2017-05-09 04:00:00,6.9,7.15,6.8741,7.1,368230.0
2017-05-10 04:00:00,7.1,7.1,6.9,7.1,311492.0
2017-05-11 04:00:00,7.05,7.2,6.95,7.05,305692.0
2017-05-12 04:00:00,7.0,7.45,7.0,7.2,614761.0
2017-05-15 04:00:00,7.25,7.4,7.2,7.35,357699.0
2017-05-16 04:00:00,7.2,7.825,6.85,7.65,742844.0
2017-05-17 04:00:00,7.45,7.55,6.95,6.95,608177.0
2017-05-18 04:00:00,6.95,6.975,6.8,6.95,493042.0
2017-05-19 04:00:00,7.0,7.033,6.85,6.95,285489.0
2017-05-22 04:00:00,6.95,7.01,6.84,6.9,279517.0
2017-05-23 04:00:00,6.9,6.975,6.85,6.95,215480.0
2017-05-24 04:00:00,7.0,7.0,6.59,6.7,400221.0
2017-05-25 04:00:00,6.7,6.85,6.6,6.8,245293.0
2017-05-26 04:00:00,6.8,6.85,6.6,6.7,200775.0
2017-05-30 04:00:00,6.75,7.0,6.75,6.95,305724.0
2017-05-31 04:00:00,7.0,7.0,6.65,6.65,392379.0
2017-06-01 04:00:00,6.65,6.725,6.4,6.65,373908.0
2017-06-02 04:00:00,6.65,6.8,6.25,6.3,625479.0
2017-06-05 04:00:00,6.25,6.65,6.2,6.6,302197.0
2017-06-06 04:00:00,6.6,6.65,6.475,6.6,117938.0
2017-06-07 04:00:00,6.65,6.7,6.45,6.45,202948.0
2017-06-08 04:00:00,6.85,7.0,6.675,7.0,700818.0
2017-06-09 04:00:00,7.05,7.1,6.55,6.6,556548.0
2017-06-12 04:00:00,6.6,6.74,6.5,6.5,330324.0
2017-06-13 04:00:00,6.55,6.6302,6.4,6.45,337129.0
2017-06-14 04:00:00,6.5,6.6,6.3,6.3,344840.0
2017-06-15 04:00:00,6.3,6.34,6.04,6.2,568557.0
2017-06-16 04:00:00,6.25,6.55,6.25,6.45,481211.0
2017-06-19 04:00:00,6.65,6.8,6.55,6.8,574747.0
2017-06-20 04:00:00,6.85,6.85,6.6,6.8,427054.0
2017-06-21 04:00:00,6.8,6.9,6.46,6.6,574164.0
2017-06-22 04:00:00,6.6,6.8,6.5,6.6,492348.0
2017-06-23 04:00:00,6.55,6.9,6.5,6.85,4580504.0
2017-06-26 04:00:00,6.8,7.1,6.65,6.7,539601.0
2017-06-27 04:00:00,6.65,6.65,6.25,6.35,487000.0
2017-06-28 04:00:00,6.4,6.75,6.375,6.6,477687.0
2017-06-29 04:00:00,6.5,6.55,6.3,6.5,384429.0
2017-06-30 04:00:00,6.45,6.55,6.3,6.35,386877.0
2017-07-03 04:00:00,6.35,6.4,5.95,6.1,408128.0
2017-07-05 04:00:00,6.15,6.4,6.1,6.35,325144.0
2017-07-06 04:00:00,6.3,6.6,6.225,6.35,479277.0
2017-07-07 04:00:00,6.4,6.6,6.3805,6.6,399612.0
2017-07-10 04:00:00,6.55,6.8,6.5,6.7,431015.0
2017-07-11 04:00:00,6.65,6.9,6.6,6.8,369392.0
2017-07-12 04:00:00,6.95,7.0,6.85,6.95,308031.0
2017-07-13 04:00:00,6.9,7.3,6.9,7.3,682946.0
2017-07-14 04:00:00,7.35,7.35,7.05,7.2,216144.0
2017-07-17 04:00:00,7.2,7.2,7.0,7.05,229792.0
2017-07-18 04:00:00,7.0,7.175,6.9,7.1,302714.0
2017-07-19 04:00:00,7.15,7.275,7.05,7.25,282001.0
2017-07-20 04:00:00,7.25,7.6,7.24,7.6,836765.0
2017-07-21 04:00:00,7.75,7.8,7.35,7.4,474032.0
2017-07-24 04:00:00,7.45,7.575,7.239,7.55,374903.0
2017-07-25 04:00:00,7.45,7.55,7.15,7.35,491786.0
2017-07-26 04:00:00,7.4,7.75,7.3,7.6,744998.0
2017-07-27 04:00:00,8.1,8.9,8.05,8.8,3423392.0
2017-07-28 04:00:00,8.8,8.8,8.45,8.65,770658.0
2017-07-31 04:00:00,8.65,8.8,8.45,8.75,596044.0
2017-08-01 04:00:00,8.8,9.5,8.75,9.15,2052980.0
2017-08-02 04:00:00,9.0,9.0,8.3,8.4,1144467.0
2017-08-03 04:00:00,8.6,8.9,7.6,7.75,1485214.0
2017-08-04 04:00:00,7.7,8.05,7.45,7.65,749764.0
2017-08-07 04:00:00,7.6,7.75,7.5,7.75,565428.0
2017-08-08 04:00:00,7.8,8.5,7.8,7.95,906620.0
2017-08-09 04:00:00,7.9,8.2,7.9,8.05,435253.0
2017-08-10 04:00:00,8.0,8.0,7.55,7.6,549187.0
2017-08-11 04:00:00,7.55,7.7,7.4,7.6,620954.0
2017-08-14 04:00:00,7.65,7.85,7.65,7.75,558195.0
2017-08-15 04:00:00,7.85,7.85,7.575,7.6,272628.0
2017-08-16 04:00:00,7.6,7.75,7.55,7.6,340758.0
2017-08-17 04:00:00,7.6,7.9,7.5,7.55,846467.0
2017-08-18 04:00:00,7.55,7.7,7.5,7.6,237736.0
2017-08-21 04:00:00,7.65,7.65,7.05,7.15,882569.0
2017-08-22 04:00:00,7.2,7.4,7.1,7.35,587639.0
2017-08-23 04:00:00,7.25,7.65,7.21,7.55,445355.0
2017-08-24 04:00:00,7.65,7.75,7.4,7.5,300206.0
2017-08-25 04:00:00,7.5,7.595,7.325,7.45,254193.0
2017-08-28 04:00:00,7.45,7.55,7.35,7.5,235425.0
2017-08-29 04:00:00,7.4,7.7,7.36,7.55,358303.0
2017-08-30 04:00:00,7.55,7.9,7.55,7.8,356870.0
2017-08-31 04:00:00,7.85,8.0,7.7,7.8,496437.0
2017-09-01 04:00:00,7.85,8.0,7.75,8.0,373096.0
2017-09-05 04:00:00,8.0,8.0,7.55,7.75,398657.0
2017-09-06 04:00:00,7.9,8.05,7.8,7.85,350420.0
2017-09-07 04:00:00,7.95,8.0,7.725,8.0,377680.0
2017-09-08 04:00:00,7.95,8.0,7.845,7.95,504932.0
2017-09-11 04:00:00,8.0,8.15,7.9,8.0,320592.0
2017-09-12 04:00:00,8.05,8.4,8.05,8.15,602204.0
2017-09-13 04:00:00,8.1,8.75,8.1,8.7,868249.0
2017-09-14 04:00:00,8.7,8.75,8.55,8.6,364948.0
2017-09-15 04:00:00,8.65,8.8,8.6,8.8,641897.0
2017-09-18 04:00:00,8.95,8.95,8.8,8.85,535405.0
2017-09-19 04:00:00,8.8,8.9,8.7,8.85,292636.0
2017-09-20 04:00:00,8.9,8.95,8.5,8.6,497102.0
2017-09-21 04:00:00,8.6,8.6,8.26,8.5,346052.0
2017-09-22 04:00:00,8.45,8.8,8.425,8.65,304951.0
2017-09-25 04:00:00,8.65,8.675,8.4,8.5,386448.0
2017-09-26 04:00:00,8.6,8.65,8.4,8.5,338692.0
2017-09-27 04:00:00,8.5,9.25,8.425,9.1,1001144.0
2017-09-28 04:00:00,9.2,9.25,8.75,8.95,435117.0
2017-09-29 04:00:00,9.0,9.175,8.95,9.15,256261.0
2017-10-02 04:00:00,9.25,9.3,9.0,9.25,331126.0
2017-10-03 04:00:00,9.3,9.3267,9.1,9.15,265673.0
2017-10-04 04:00:00,9.2,9.7,9.1,9.4,827953.0
2017-10-05 04:00:00,9.4,9.5,9.2,9.25,315789.0
2017-10-06 04:00:00,9.2,9.7,9.175,9.35,455273.0
2017-10-09 04:00:00,9.4,9.5,9.15,9.3,312124.0
2017-10-10 04:00:00,9.4,9.55,9.225,9.35,290805.0
2017-10-11 04:00:00,9.4,9.5,9.3,9.4,254184.0
2017-10-12 04:00:00,9.4,9.6,9.3,9.35,212405.0
2017-10-13 04:00:00,8.55,9.225,7.65,9.05,744073.0
2017-10-16 04:00:00,9.0,9.15,8.61,9.05,312816.0
2017-10-17 04:00:00,8.95,9.25,8.95,9.1,255361.0
2017-10-18 04:00:00,9.25,9.4,9.15,9.3,194454.0
2017-10-19 04:00:00,9.15,9.2,8.9,9.0,208366.0
2017-10-20 04:00:00,9.05,9.15,8.755,8.95,226931.0
2017-10-23 04:00:00,8.85,9.0,8.7,8.85,230006.0
2017-10-24 04:00:00,8.95,9.2,8.85,9.05,323649.0
2017-10-25 04:00:00,9.1,9.15,8.705,8.9,477002.0
2017-10-26 04:00:00,8.9,9.51,8.605,9.4,953110.0
2017-10-27 04:00:00,9.45,9.55,9.3,9.5,583610.0
2017-10-30 04:00:00,9.55,9.55,9.05,9.125,353346.0
2017-10-31 04:00:00,9.15,9.3,9.05,9.3,303957.0
2017-11-01 04:00:00,9.3,9.35,8.65,8.8,543985.0
2017-11-02 04:00:00,8.75,9.05,8.65,8.95,326293.0
2017-11-03 04:00:00,9.0,9.0,8.7,8.8,223832.0
2017-11-06 05:00:00,8.85,9.1,8.75,9.1,460540.0
2017-11-07 05:00:00,9.1,9.1,8.7,8.8,504226.0
2017-11-08 05:00:00,8.9,9.15,8.655,9.05,374833.0
2017-11-09 05:00:00,9.0,9.0,8.55,8.7,346143.0
2017-11-10 05:00:00,8.75,8.85,8.65,8.75,269819.0
2017-11-13 05:00:00,8.7,8.8,8.6,8.75,175358.0
2017-11-14 05:00:00,8.7,8.85,8.6997,8.8,235259.0
2017-11-15 05:00:00,8.65,8.8,8.6,8.65,226538.0
2017-11-16 05:00:00,8.8,9.25,8.75,9.2,562678.0
2017-11-17 05:00:00,9.2,9.55,9.2,9.3,667071.0
2017-11-20 05:00:00,9.4,10.75,9.3,10.425,1684610.0
2017-11-21 05:00:00,10.4,10.55,10.0,10.05,733728.0
2017-11-22 05:00:00,10.0,10.6,9.925,10.35,654816.0
2017-11-24 05:00:00,10.5,10.5,10.1,10.325,188852.0
2017-11-27 05:00:00,10.25,10.25,9.9,10.0,378854.0
2017-11-28 05:00:00,10.2,10.4,10.0,10.4,462196.0
2017-11-29 05:00:00,10.4,10.5,9.55,9.65,690898.0
2017-11-30 05:00:00,9.65,9.95,9.55,9.65,453245.0
2017-12-01 05:00:00,9.75,9.8,9.1,9.5,611277.0
2017-12-04 05:00:00,9.6,9.65,8.55,8.7,969711.0
2017-12-05 05:00:00,8.9,9.034,8.775,8.95,508886.0
2017-12-06 05:00:00,8.9,8.9,8.15,8.45,847653.0
2017-12-07 05:00:00,8.55,8.75,8.4,8.55,507458.0
2017-12-08 05:00:00,8.55,8.66,8.19,8.5,642839.0
2017-12-11 05:00:00,8.5,8.65,8.3,8.5,393635.0
2017-12-12 05:00:00,8.6,9.1,8.45,8.8,576508.0
2017-12-13 05:00:00,8.85,9.4,8.85,9.15,656763.0
2017-12-14 05:00:00,9.2,9.2717,8.825,8.9,433926.0
2017-12-15 05:00:00,8.9,8.9999,8.725,8.85,587918.0
2017-12-18 05:00:00,9.05,9.25,8.855,9.15,271858.0
2017-12-19 05:00:00,9.15,9.375,9.1,9.25,332911.0
2017-12-20 05:00:00,9.35,9.35,8.9,8.95,263302.0
2017-12-21 05:00:00,8.95,9.15,8.89,8.95,269990.0
2017-12-22 05:00:00,8.9,9.05,8.65,8.8,187125.0
2017-12-26 05:00:00,8.8,8.825,8.6,8.65,206873.0
2017-12-27 05:00:00,8.75,8.9,8.65,8.7,150313.0
2017-12-28 05:00:00,8.85,9.05,8.75,8.8,306883.0
2017-12-29 05:00:00,8.8,9.0,8.7,8.7,206400.0
2018-01-02 05:00:00,8.75,9.0,8.65,8.75,647774.0
2018-01-03 05:00:00,8.75,8.85,8.55,8.75,674464.0
2018-01-04 05:00:00,8.8,8.95,8.725,8.9,525181.0
2018-01-05 05:00:00,8.85,8.95,8.75,8.95,164853.0
2018-01-08 05:00:00,8.9,9.175,8.8,9.1,281996.0
2018-01-09 05:00:00,9.2,9.2,8.9,8.95,206657.0
2018-01-10 05:00:00,8.95,9.0,8.74,8.8,283113.0
2018-01-11 05:00:00,8.85,9.0,8.66,8.9,208672.0
2018-01-12 05:00:00,8.95,9.06,8.9,8.95,189475.0
2018-01-16 05:00:00,9.0,9.0,8.65,8.75,294932.0
2018-01-17 05:00:00,8.85,8.95,8.75,8.95,373561.0
2018-01-18 05:00:00,9.0,9.3,8.9,9.2,368311.0
2018-01-19 05:00:00,9.2,9.355,9.1139,9.25,299735.0
2018-01-22 05:00:00,9.2,9.45,9.2,9.45,312071.0
2018-01-23 05:00:00,9.4,9.45,9.25,9.4,352434.0
2018-01-24 05:00:00,9.35,9.45,9.0,9.1,413543.0
2018-01-25 05:00:00,9.2,9.3,8.55,8.65,626282.0
2018-01-26 05:00:00,8.75,8.9,8.7,8.8,289532.0
2018-01-29 05:00:00,8.7,8.7,8.1,8.15,917371.0
2018-01-30 05:00:00,8.05,8.35,7.95,8.15,467433.0
2018-01-31 05:00:00,8.15,8.35,7.9,7.9,315230.0
2018-02-01 05:00:00,7.85,8.0,7.7,7.95,340047.0
2018-02-02 05:00:00,7.9,8.0,7.75,7.9,413975.0
2018-02-05 05:00:00,7.85,8.0,7.7,7.75,489483.0
2018-02-06 05:00:00,7.55,7.95,7.425,7.85,786394.0
2018-02-07 05:00:00,7.85,8.0,7.6,7.85,447737.0
2018-02-08 05:00:00,7.9,7.9,7.55,7.6,452874.0
2018-02-09 05:00:00,7.65,7.9,7.51,7.75,332419.0
2018-02-12 05:00:00,7.8,8.25,7.755,8.05,413515.0
2018-02-13 05:00:00,8.05,8.15,7.95,8.0,213724.0
2018-02-14 05:00:00,7.9,8.3,7.9,8.3,244559.0
2018-02-15 05:00:00,8.35,8.4,8.0,8.3,185770.0
2018-02-16 05:00:00,8.3,8.4,8.125,8.35,518925.0
2018-02-20 05:00:00,8.3,8.65,8.2,8.4,371572.0
2018-02-21 05:00:00,8.5,8.6143,8.4,8.5,335019.0
2018-02-22 05:00:00,7.75,8.0,6.95,7.0,1925334.0
2018-02-23 05:00:00,7.15,7.55,7.1,7.475,819016.0
2018-02-26 05:00:00,7.45,7.525,7.25,7.35,558117.0
2018-02-27 05:00:00,7.45,7.5,7.2,7.25,517118.0
2018-02-28 05:00:00,7.25,7.5,7.15,7.475,769372.0
2018-03-01 05:00:00,7.45,7.5,7.05,7.2,456569.0
2018-03-02 05:00:00,7.15,7.45,7.0,7.3,355712.0
2018-03-05 05:00:00,7.25,7.55,7.25,7.25,273492.0
2018-03-06 05:00:00,7.3,7.65,7.3,7.65,318363.0
2018-03-07 05:00:00,7.55,8.05,7.55,8.0,413917.0
2018-03-08 05:00:00,8.0,8.2,7.95,8.0,335160.0
2018-03-09 05:00:00,8.05,8.2,7.95,8.125,321991.0
2018-03-12 04:00:00,8.25,8.3795,8.1,8.15,414649.0
2018-03-13 04:00:00,8.25,8.35,8.1,8.2,313903.0
2018-03-14 04:00:00,8.3,8.3,7.95,7.95,543324.0
2018-03-15 04:00:00,8.05,8.2,7.925,8.0,276822.0
2018-03-16 04:00:00,8.0,8.1,7.85,7.85,591998.0
2018-03-19 04:00:00,7.85,7.85,7.4,7.6,473070.0
2018-03-20 04:00:00,7.65,7.8,7.5,7.65,384516.0
2018-03-21 04:00:00,7.7,7.9341,7.6263,7.85,248111.0
2018-03-22 04:00:00,7.7,7.8,7.45,7.5,422176.0
2018-03-23 04:00:00,7.5,7.6,7.25,7.3,451436.0
2018-03-26 04:00:00,7.35,7.5,7.3,7.35,359692.0
2018-03-27 04:00:00,7.4,7.6,7.025,7.2,409266.0
2018-03-28 04:00:00,7.25,7.3,6.9,7.15,486033.0
2018-03-29 04:00:00,7.15,7.375,7.1,7.25,299652.0
2018-04-02 04:00:00,7.25,7.3,6.9,6.95,483810.0
2018-04-03 04:00:00,6.95,7.15,6.95,7.05,226670.0
2018-04-04 04:00:00,6.95,7.2,6.9,7.2,219000.0
2018-04-05 04:00:00,7.2,7.325,7.1,7.25,205112.0
2018-04-06 04:00:00,7.15,7.325,6.875,6.95,367513.0
2018-04-09 04:00:00,6.95,7.1,6.85,6.85,230901.0
2018-04-10 04:00:00,6.95,7.05,6.8,6.95,388168.0
2018-04-11 04:00:00,7.0,7.45,6.95,7.3,336241.0
2018-04-12 04:00:00,6.9,7.2,6.8,7.1,765486.0
2018-04-13 04:00:00,7.15,7.25,7.0,7.2,252071.0
2018-04-16 04:00:00,7.2,7.2,6.4,6.8,724052.0
2018-04-17 04:00:00,7.15,7.225,7.05,7.1,363215.0
2018-04-18 04:00:00,7.15,7.15,6.75,6.8,411976.0
2018-04-19 04:00:00,6.75,6.75,6.45,6.5,468764.0
2018-04-20 04:00:00,6.45,6.625,6.35,6.45,327805.0
2018-04-23 04:00:00,6.5,6.6,6.35,6.35,151848.0
2018-04-24 04:00:00,6.45,6.525,6.15,6.25,326360.0
2018-04-25 04:00:00,6.25,6.375,5.89,5.95,782007.0
2018-04-26 04:00:00,6.25,6.4,6.0,6.35,809779.0
2018-04-27 04:00:00,6.35,6.35,5.8,5.8,748592.0
2018-04-30 04:00:00,5.8,6.0,5.8,5.85,453625.0
2018-05-01 04:00:00,5.8,6.2,5.8,6.15,442616.0
2018-05-02 04:00:00,6.3,6.55,6.2,6.5,407990.0
2018-05-03 04:00:00,6.4,6.55,6.3,6.35,587441.0
2018-05-04 04:00:00,6.35,6.6,6.3,6.55,293383.0
2018-05-07 04:00:00,6.6,6.6,6.4,6.45,333993.0
2018-05-08 04:00:00,6.45,6.55,6.4,6.5,152311.0
2018-05-09 04:00:00,6.45,6.55,6.4,6.4,454821.0
2018-05-10 04:00:00,6.35,6.45,6.3,6.4,184820.0
2018-05-11 04:00:00,6.45,6.45,6.275,6.35,198083.0
2018-05-14 04:00:00,6.45,6.65,6.45,6.65,337723.0
2018-05-15 04:00:00,6.6,6.65,6.5,6.6,165927.0
2018-05-16 04:00:00,6.55,6.8,6.55,6.65,236142.0
2018-05-17 04:00:00,6.7,6.7,6.6,6.65,153141.0
2018-05-18 04:00:00,6.65,6.65,6.35,6.4,202060.0
2018-05-21 04:00:00,6.4,6.55,6.4,6.55,140040.0
2018-05-22 04:00:00,6.5,6.65,6.5,6.6,194090.0
2018-05-23 04:00:00,6.55,6.65,6.45,6.65,118069.0
2018-05-24 04:00:00,7.15,8.045,7.1,7.9,1524008.0
2018-05-25 04:00:00,8.15,8.2,7.5,7.55,739279.0
2018-05-29 04:00:00,7.7,7.7,7.3,7.55,554409.0
2018-05-30 04:00:00,7.6,7.75,7.35,7.4,358335.0
2018-05-31 04:00:00,7.45,7.55,7.15,7.25,327188.0
2018-06-01 04:00:00,7.3,7.45,7.2,7.45,264488.0
2018-06-04 04:00:00,7.55,8.0,7.5,7.75,594635.0
2018-06-05 04:00:00,7.8,8.1,7.75,7.95,593081.0
2018-06-06 04:00:00,8.05,8.425,7.95,8.4,700861.0
2018-06-07 04:00:00,8.5,8.595,7.85,7.9,402639.0
2018-06-08 04:00:00,7.8,7.85,7.55,7.65,311885.0
2018-06-11 04:00:00,7.7,7.75,7.5,7.7,293087.0
2018-06-12 04:00:00,7.65,7.85,7.6,7.8,377356.0
2018-06-13 04:00:00,7.8,7.9921,7.7,7.8,319232.0
2018-06-14 04:00:00,7.85,7.95,7.6,7.7,256805.0
2018-06-15 04:00:00,7.65,7.7,7.5,7.5,316719.0
2018-06-18 04:00:00,7.4,7.5,7.25,7.35,358142.0
2018-06-19 04:00:00,7.3,7.525,7.1,7.4,338056.0
2018-06-20 04:00:00,7.45,7.65,7.45,7.6,321197.0
2018-06-21 04:00:00,7.65,7.702,7.35,7.45,229514.0
2018-06-22 04:00:00,7.45,7.59,7.25,7.35,519456.0
2018-06-25 04:00:00,7.25,7.3,6.8,7.0,606721.0
2018-06-26 04:00:00,7.0,7.15,6.85,6.95,360214.0
2018-06-27 04:00:00,7.0,7.0,6.76,6.85,338957.0
2018-06-28 04:00:00,6.85,6.95,6.65,6.75,341481.0
2018-06-29 04:00:00,6.75,7.05,6.75,7.05,307425.0
2018-07-02 04:00:00,7.0,7.045,6.8,7.0,194125.0
2018-07-03 04:00:00,7.0,7.05,6.9,6.95,123895.0
2018-07-05 04:00:00,7.0,7.2,6.9,7.15,244043.0
2018-07-06 04:00:00,7.15,7.25,7.0,7.15,181076.0
2018-07-09 04:00:00,7.15,7.25,7.0,7.2,197736.0
2018-07-10 04:00:00,7.25,7.35,7.1,7.15,303108.0
2018-07-11 04:00:00,7.15,8.3645,7.15,8.25,2549993.0
2018-07-12 04:00:00,8.5,8.8,8.25,8.4,1629917.0
2018-07-13 04:00:00,8.3,8.3,7.8,8.1,954861.0
2018-07-16 04:00:00,8.2,8.4,8.15,8.25,659739.0
2018-07-17 04:00:00,8.3,8.575,8.15,8.5,499734.0
2018-07-18 04:00:00,8.6,8.8,8.45,8.7,535117.0
2018-07-19 04:00:00,8.75,8.85,8.5,8.55,454218.0
2018-07-20 04:00:00,8.8,9.3769,8.7562,8.975,1605402.0
2018-07-23 04:00:00,9.3,9.3215,8.35,8.45,1146525.0
2018-07-24 04:00:00,8.45,8.55,8.05,8.15,656910.0
2018-07-25 04:00:00,8.15,8.25,7.85,7.9,871360.0
2018-07-26 04:00:00,8.15,8.25,7.55,7.95,1253750.0
2018-07-27 04:00:00,7.9,7.995,7.675,7.85,801961.0
2018-07-30 04:00:00,7.95,7.95,7.55,7.55,429561.0
2018-07-31 04:00:00,7.5,7.7,7.375,7.55,415572.0
2018-08-01 04:00:00,7.6,7.625,7.4,7.55,272227.0
2018-08-02 04:00:00,7.6,7.95,7.5,7.85,487241.0
2018-08-03 04:00:00,7.85,8.0,7.55,7.8,468145.0
2018-08-06 04:00:00,7.8,7.85,7.65,7.75,191662.0
2018-08-07 04:00:00,7.75,7.95,7.65,7.775,302470.0
2018-08-08 04:00:00,7.7,7.8,7.6,7.725,404910.0
2018-08-09 04:00:00,7.75,7.95,7.65,7.875,388592.0
2018-08-10 04:00:00,7.8,8.0,7.6,7.7,407938.0
2018-08-13 04:00:00,7.7,7.875,7.605,7.7,252877.0
2018-08-14 04:00:00,7.7,7.73,7.45,7.55,266595.0
2018-08-15 04:00:00,7.45,7.51,7.2,7.3,496637.0
2018-08-16 04:00:00,7.3,7.4097,7.05,7.1,480492.0
2018-08-17 04:00:00,7.1,7.35,7.0,7.35,292978.0
2018-08-20 04:00:00,7.35,7.45,7.2,7.35,224385.0
2018-08-21 04:00:00,7.3,7.575,7.3,7.45,204426.0
2018-08-22 04:00:00,7.5,7.6,7.25,7.35,242385.0
2018-08-23 04:00:00,7.3,7.45,7.2,7.325,381233.0
2018-08-24 04:00:00,7.3,7.5,7.2963,7.45,221870.0
2018-08-27 04:00:00,7.45,7.85,7.4,7.65,431531.0
2018-08-28 04:00:00,7.7,7.72,7.45,7.65,295213.0
2018-08-29 04:00:00,7.6,7.71,7.5,7.65,316763.0
2018-08-30 04:00:00,7.6,7.9,7.593,7.85,282577.0
2018-08-31 04:00:00,7.8,7.95,7.8,7.9,373963.0
2018-09-04 04:00:00,7.8,7.8714,7.7,7.8,260669.0
2018-09-05 04:00:00,7.7,7.945,7.395,7.6,441315.0
2018-09-06 04:00:00,7.6,7.6,7.35,7.4,384770.0
2018-09-07 04:00:00,7.45,7.6,7.25,7.3,241214.0
2018-09-10 04:00:00,7.25,7.35,7.06,7.35,246603.0
2018-09-11 04:00:00,7.35,7.35,7.1,7.2,237397.0
2018-09-12 04:00:00,7.15,7.3,6.95,7.2,337450.0
2018-09-13 04:00:00,7.3,7.4,7.1,7.25,341488.0
2018-09-14 04:00:00,7.2,7.44,7.15,7.35,287669.0
2018-09-17 04:00:00,7.3,7.45,7.15,7.2,250355.0
2018-09-18 04:00:00,7.15,7.3,7.15,7.2,376410.0
2018-09-19 04:00:00,7.2,7.3,7.06,7.2,291359.0
2018-09-20 04:00:00,7.25,7.35,7.2,7.25,287696.0
2018-09-21 04:00:00,7.35,7.65,7.3,7.55,500448.0
2018-09-24 04:00:00,7.5,7.525,7.4,7.5,200888.0
2018-09-25 04:00:00,7.55,7.59,7.25,7.275,180592.0
2018-09-26 04:00:00,7.25,7.295,7.1,7.15,348472.0
2018-09-27 04:00:00,7.2,7.225,7.0,7.0,384854.0
2018-09-28 04:00:00,7.05,7.2,6.9,7.15,332577.0
2018-10-01 04:00:00,7.17,7.24,7.0,7.05,440484.0
2018-10-02 04:00:00,7.05,7.21,6.93,7.07,259058.0
2018-10-03 04:00:00,7.1,7.195,6.89,7.05,267610.0
2018-10-04 04:00:00,7.0,7.0,6.6,6.69,487215.0
2018-10-05 04:00:00,6.7,6.715,6.3,6.5,541720.0
2018-10-08 04:00:00,6.41,6.56,6.16,6.35,475910.0
2018-10-09 04:00:00,6.35,6.49,6.34,6.44,372837.0
2018-10-10 04:00:00,6.44,6.46,6.03,6.06,507180.0
2018-10-11 04:00:00,6.04,6.27,6.001,6.03,411763.0
2018-10-12 04:00:00,6.28,6.49,6.18,6.29,467323.0
2018-10-15 04:00:00,6.3,6.43,6.22,6.35,239220.0
2018-10-16 04:00:00,6.4,6.66,6.35,6.6,381083.0
2018-10-17 04:00:00,6.65,6.7,6.55,6.61,183969.0
2018-10-18 04:00:00,6.61,6.61,6.35,6.44,254346.0
2018-10-19 04:00:00,6.47,6.57,6.22,6.3,239325.0
2018-10-22 04:00:00,6.39,6.54,6.31,6.39,209504.0
2018-10-23 04:00:00,6.27,6.43,6.14,6.36,209142.0
2018-10-24 04:00:00,6.3,6.41,5.85,5.86,517628.0
2018-10-25 04:00:00,5.89,6.2699,5.88,6.21,508418.0
2018-10-26 04:00:00,6.21,6.2685,5.915,6.13,359612.0
2018-10-29 04:00:00,6.22,6.34,6.03,6.15,339547.0
2018-10-30 04:00:00,6.16,6.48,6.16,6.38,263757.0
2018-10-31 04:00:00,6.51,6.67,6.39,6.59,367487.0
2018-11-01 04:00:00,6.56,6.61,5.27,5.39,2148184.0
2018-11-02 04:00:00,5.41,6.11,5.41,5.89,1129348.0
2018-11-05 05:00:00,6.05,6.17,5.56,5.77,711399.0
2018-11-06 05:00:00,5.78,5.99,5.76,5.92,436925.0
2018-11-07 05:00:00,6.0,6.0,5.77,5.84,371348.0
2018-11-08 05:00:00,5.78,5.96,5.74,5.93,265429.0
2018-11-09 05:00:00,5.84,5.93,5.62,5.73,304969.0
2018-11-12 05:00:00,5.73,5.75,5.47,5.5,506534.0
2018-11-13 05:00:00,5.6,5.675,5.41,5.45,471338.0
2018-11-14 05:00:00,5.49,5.69,5.48,5.56,335478.0
2018-11-15 05:00:00,5.55,5.74,5.52,5.71,228041.0
2018-11-16 05:00:00,5.67,5.7,5.45,5.54,343875.0
2018-11-19 05:00:00,5.49,5.6,5.28,5.3,312968.0
2018-11-20 05:00:00,5.28,5.33,5.17,5.24,336453.0
2018-11-21 05:00:00,5.33,5.34,5.2,5.25,372366.0
2018-11-23 05:00:00,5.2,5.3,5.2,5.24,118613.0
2018-11-26 05:00:00,5.3,5.38,5.15,5.15,282742.0
2018-11-27 05:00:00,5.3,5.84,5.26,5.71,1196609.0
2018-11-28 05:00:00,5.7,5.75,5.5699,5.68,437404.0
2018-11-29 05:00:00,5.68,5.7101,5.51,5.59,247105.0
2018-11-30 05:00:00,5.55,5.67,5.45,5.51,282890.0
2018-12-03 05:00:00,5.67,5.7,5.53,5.57,289336.0
2018-12-04 05:00:00,5.56,5.58,5.3,5.3,382607.0
2018-12-06 05:00:00,5.3,5.44,5.15,5.2,333281.0
2018-12-07 05:00:00,5.2,5.25,5.01,5.03,263800.0
2018-12-10 05:00:00,5.0,5.03,4.52,4.57,686548.0
2018-12-11 05:00:00,4.6,4.72,4.35,4.49,508364.0
2018-12-12 05:00:00,4.53,4.61,4.2027,4.27,1105905.0
2018-12-13 05:00:00,4.23,4.46,4.17,4.35,641262.0
2018-12-14 05:00:00,4.27,4.56,4.25,4.29,352654.0
2018-12-17 05:00:00,4.25,4.46,4.19,4.22,518998.0
2018-12-18 05:00:00,4.23,4.33,4.1,4.19,396772.0
2018-12-19 05:00:00,4.17,4.39,4.1504,4.2,463319.0
2018-12-20 05:00:00,4.2,4.3,4.09,4.13,361907.0
2018-12-21 05:00:00,4.14,4.15,4.05,4.06,452911.0
2018-12-24 05:00:00,4.05,4.12,3.93,4.08,253230.0
2018-12-26 05:00:00,4.08,4.14,3.99,4.1,410730.0
2018-12-27 05:00:00,4.08,4.34,4.08,4.19,441308.0
2018-12-28 05:00:00,4.22,4.42,4.1911,4.33,531078.0
2018-12-31 05:00:00,4.34,4.42,4.165,4.35,433044.0
2019-01-02 05:00:00,4.3,4.5,4.21,4.5,205627.0
2019-01-03 05:00:00,4.43,4.43,4.1,4.15,918411.0
2019-01-04 05:00:00,4.15,4.34,4.13,4.28,283273.0
2019-01-07 05:00:00,4.26,4.45,4.22,4.39,272813.0
2019-01-08 05:00:00,4.41,4.5374,4.33,4.45,218038.0
2019-01-09 05:00:00,4.49,4.62,4.48,4.54,223862.0
2019-01-10 05:00:00,4.53,4.68,4.51,4.6,174837.0
2019-01-11 05:00:00,4.59,4.63,4.5,4.53,132599.0
2019-01-14 05:00:00,4.17,4.17,3.7,3.9,931764.0
2019-01-15 05:00:00,3.91,4.09,3.9,4.0,514137.0
2019-01-16 05:00:00,3.99,4.02,3.9,3.92,258713.0
2019-01-17 05:00:00,3.89,3.99,3.85,3.92,231869.0
2019-01-18 05:00:00,3.96,4.05,3.9155,4.0,308843.0
2019-01-22 05:00:00,3.98,4.01,3.85,3.93,239699.0
2019-01-23 05:00:00,3.92,3.97,3.86,3.93,271045.0
2019-01-24 05:00:00,3.96,4.19,3.92,4.18,245659.0
2019-01-25 05:00:00,4.2,4.26,4.13,4.14,306776.0
2019-01-28 05:00:00,4.04,4.07,3.9,4.03,213377.0
2019-01-29 05:00:00,4.04,4.04,3.9,3.93,200358.0
2019-01-30 05:00:00,3.97,4.12,3.92,4.11,231071.0
2019-01-31 05:00:00,4.11,4.3182,4.06,4.11,211799.0
2019-02-01 05:00:00,4.11,4.16,4.05,4.14,170366.0
2019-02-04 05:00:00,4.13,4.18,4.1,4.15,175172.0
2019-02-05 05:00:00,4.13,4.26,4.126,4.17,292615.0
2019-02-06 05:00:00,4.2,4.28,4.16,4.18,148396.0
2019-02-07 05:00:00,4.16,4.195,3.99,4.05,242684.0
2019-02-08 05:00:00,4.0,4.07,3.936,4.05,95425.0
2019-02-11 05:00:00,4.05,4.07,3.97,4.02,77340.0
2019-02-12 05:00:00,4.06,4.2,4.015,4.18,169934.0
2019-02-13 05:00:00,4.18,4.28,4.13,4.24,118218.0
2019-02-14 05:00:00,4.25,4.35,4.25,4.28,236294.0
2019-02-15 05:00:00,4.3,4.52,4.25,4.43,336173.0
2019-02-19 05:00:00,4.43,4.56,4.37,4.38,328684.0
2019-02-20 05:00:00,4.38,4.52,4.35,4.5,342240.0
2019-02-21 05:00:00,4.25,4.35,3.93,4.11,1249188.0
2019-02-22 05:00:00,4.08,4.36,4.06,4.32,616764.0
2019-02-25 05:00:00,4.38,4.61,4.33,4.39,397490.0
2019-02-26 05:00:00,4.38,4.58,4.32,4.4,433016.0
2019-02-27 05:00:00,4.37,4.39,4.18,4.27,354060.0
2019-02-28 05:00:00,4.26,4.51,4.18,4.46,359890.0
2019-03-01 05:00:00,4.51,4.52,4.245,4.29,310156.0
2019-03-04 05:00:00,4.3,4.41,4.26,4.39,184385.0
2019-03-05 05:00:00,4.38,4.38,4.27,4.32,121211.0
2019-03-06 05:00:00,4.3,4.32,4.24,4.25,284099.0
2019-03-07 05:00:00,4.25,4.27,4.15,4.19,157865.0
2019-03-08 05:00:00,4.15,4.24,4.15,4.19,234605.0
2019-03-11 04:00:00,4.22,4.36,4.19,4.27,218176.0
2019-03-12 04:00:00,4.27,4.52,4.24,4.48,274615.0
2019-03-13 04:00:00,4.54,4.6,4.44,4.54,176791.0
2019-03-14 04:00:00,4.55,4.6,4.33,4.39,198361.0
2019-03-15 04:00:00,4.44,4.56,4.32,4.51,319353.0
2019-03-18 04:00:00,4.53,4.54,4.32,4.44,164344.0
2019-03-19 04:00:00,4.45,4.57,4.43,4.54,146110.0
2019-03-20 04:00:00,4.54,4.59,4.4,4.46,667052.0
2019-03-21 04:00:00,4.46,4.56,4.38,4.4,199360.0
2019-03-22 04:00:00,4.37,4.41,4.27,4.35,249466.0
2019-03-25 04:00:00,4.35,4.45,4.2887,4.42,159299.0
2019-03-26 04:00:00,4.45,4.49,4.4,4.41,214623.0
2019-03-27 04:00:00,4.41,4.46,4.34,4.44,130892.0
2019-03-28 04:00:00,4.43,4.49,4.32,4.33,124096.0
2019-03-29 04:00:00,4.37,4.49,4.35,4.45,563636.0
2019-04-01 04:00:00,4.5,4.77,4.47,4.75,221259.0
2019-04-02 04:00:00,4.79,4.985,4.7413,4.94,386956.0
2019-04-03 04:00:00,5.0,5.1318,4.85,4.92,574717.0
2019-04-04 04:00:00,4.92,4.99,4.81,4.89,139315.0
2019-04-05 04:00:00,4.92,5.14,4.9,4.98,434316.0
2019-04-08 04:00:00,4.95,4.96,4.8,4.82,123463.0
2019-04-09 04:00:00,4.81,4.82,4.67,4.78,427267.0
2019-04-10 04:00:00,4.79,4.87,4.78,4.85,479216.0
2019-04-11 04:00:00,4.85,4.99,4.76,4.8,181717.0
2019-04-12 04:00:00,4.83,4.84,4.715,4.78,78502.0
2019-04-15 04:00:00,4.78,4.88,4.74,4.83,220061.0
2019-04-16 04:00:00,4.84,4.98,4.81,4.92,170435.0
2019-04-17 04:00:00,4.98,5.13,4.91,4.91,195023.0
2019-04-18 04:00:00,4.89,4.9,4.7199,4.75,238867.0
2019-04-22 04:00:00,4.7,4.7,4.36,4.41,380700.0
2019-04-23 04:00:00,4.39,4.7,4.3,4.66,361855.0
2019-04-24 04:00:00,4.69,4.86,4.64,4.74,262735.0
2019-04-25 04:00:00,5.15,5.9298,5.13,5.43,2162961.0
2019-04-26 04:00:00,5.5,6.14,5.5,5.55,1402474.0
2019-04-29 04:00:00,5.6,5.78,5.4615,5.61,376651.0
2019-04-30 04:00:00,5.62,5.77,5.52,5.7,576002.0
2019-05-01 04:00:00,5.67,5.89,5.65,5.71,393432.0
2019-05-02 04:00:00,5.7,5.77,5.59,5.66,167325.0
2019-05-03 04:00:00,5.65,5.8,5.64,5.7,388805.0
2019-05-06 04:00:00,5.55,5.79,5.5376,5.78,271457.0
2019-05-07 04:00:00,5.72,5.73,5.45,5.52,463451.0
2019-05-08 04:00:00,5.5,5.68,5.5,5.62,195364.0
2019-05-09 04:00:00,5.56,5.56,5.29,5.42,242257.0
2019-05-10 04:00:00,5.39,5.45,5.28,5.43,209051.0
2019-05-13 04:00:00,5.32,5.365,5.05,5.07,261086.0
2019-05-14 04:00:00,5.07,5.33,5.01,5.24,359990.0
2019-05-15 04:00:00,5.18,5.41,5.18,5.3,140839.0
2019-05-16 04:00:00,5.21,5.24,4.97,5.01,257844.0
2019-05-17 04:00:00,4.94,5.05,4.86,4.89,295630.0
2019-05-20 04:00:00,4.79,4.8118,4.42,4.53,464471.0
2019-05-21 04:00:00,4.59,4.71,4.57,4.6,310390.0
2019-05-22 04:00:00,4.55,4.62,4.4781,4.54,218220.0
2019-05-23 04:00:00,4.44,4.52,4.35,4.46,221574.0
2019-05-24 04:00:00,4.48,4.55,4.39,4.41,199506.0
2019-05-28 04:00:00,4.42,4.51,4.37,4.39,402504.0
2019-05-29 04:00:00,4.35,4.38,4.27,4.29,484776.0
2019-05-30 04:00:00,4.29,4.31,4.07,4.08,290681.0
2019-05-31 04:00:00,4.01,4.04,3.94,3.99,233786.0
2019-06-03 04:00:00,3.97,4.0,3.8632,3.92,371211.0
2019-06-04 04:00:00,3.98,4.2,3.93,4.17,312984.0
2019-06-05 04:00:00,4.21,4.21,4.0,4.09,152054.0
2019-06-06 04:00:00,4.1,4.22,4.05,4.16,196201.0
2019-06-07 04:00:00,4.17,4.22,4.125,4.19,479660.0
2019-06-10 04:00:00,4.23,4.36,4.19,4.26,199319.0
2019-06-11 04:00:00,4.32,4.7,4.24,4.47,1812839.0
2019-06-12 04:00:00,4.53,4.56,4.2069,4.26,306419.0
2019-06-13 04:00:00,4.28,4.34,4.21,4.23,132473.0
2019-06-14 04:00:00,4.15,4.26,3.98,4.08,232854.0
2019-06-17 04:00:00,3.98,4.17,3.91,3.96,362162.0
2019-06-18 04:00:00,4.03,4.17,4.0,4.13,291874.0
2019-06-19 04:00:00,4.17,4.19,4.06,4.12,108652.0
2019-06-20 04:00:00,4.07,4.15,3.98,4.04,185341.0
2019-06-21 04:00:00,4.02,4.08,3.98,4.06,265390.0
2019-06-24 04:00:00,4.05,4.0502,3.91,3.93,162923.0
2019-06-25 04:00:00,3.92,3.95,3.55,3.57,700615.0
2019-06-26 04:00:00,3.61,3.94,3.59,3.86,388275.0
2019-06-27 04:00:00,3.86,3.96,3.75,3.89,294882.0
2019-06-28 04:00:00,3.9,4.13,3.9,3.96,362665.0
2019-07-01 04:00:00,4.22,4.35,4.1601,4.22,360149.0
2019-07-02 04:00:00,4.21,4.23,4.06,4.16,148352.0
2019-07-03 04:00:00,4.15,4.21,4.1032,4.17,55004.0
2019-07-05 04:00:00,4.1,4.15,4.07,4.12,80955.0
2019-07-08 04:00:00,4.12,4.14,4.01,4.01,104652.0
2019-07-09 04:00:00,4.01,4.04,3.93,4.03,123613.0
2019-07-10 04:00:00,4.07,4.13,3.98,4.01,100604.0
2019-07-11 04:00:00,4.02,4.08,3.96,3.99,160253.0
2019-07-12 04:00:00,3.98,4.06,3.9,4.0,186915.0
2019-07-15 04:00:00,4.04,4.06,4.0,4.03,91893.0
2019-07-16 04:00:00,3.99,4.09,3.93,3.95,150169.0
2019-07-17 04:00:00,3.97,4.05,3.92,4.0,143326.0
2019-07-18 04:00:00,4.0,4.05,3.895,3.91,118454.0
2019-07-19 04:00:00,3.9,4.0,3.84,3.95,189574.0
2019-07-22 04:00:00,3.97,4.12,3.94,4.05,238168.0
2019-07-23 04:00:00,4.05,4.09,3.93,3.97,140411.0
2019-07-24 04:00:00,3.96,4.25,3.91,4.17,393876.0
2019-07-25 04:00:00,4.35,4.42,4.11,4.35,594630.0
2019-07-26 04:00:00,4.37,4.41,4.19,4.27,223749.0
2019-07-29 04:00:00,4.25,4.29,4.17,4.2,141483.0
2019-07-30 04:00:00,4.13,4.37,4.13,4.32,180109.0
2019-07-31 04:00:00,4.32,4.45,4.2273,4.27,275979.0
2019-08-01 04:00:00,4.25,4.47,4.15,4.16,212056.0
2019-08-02 04:00:00,4.13,4.16,4.01,4.11,106209.0
2019-08-05 04:00:00,4.02,4.02,3.81,3.86,163576.0
2019-08-06 04:00:00,3.85,3.955,3.725,3.8,134078.0
2019-08-07 04:00:00,3.75,3.87,3.75,3.85,81736.0
2019-08-08 04:00:00,3.88,4.07,3.86,4.02,112833.0
2019-08-09 04:00:00,4.0,4.0,3.795,3.84,182187.0
2019-08-12 04:00:00,3.83,3.885,3.785,3.83,84181.0
2019-08-13 04:00:00,3.8,4.0,3.8,4.0,302537.0
2019-08-14 04:00:00,3.86,3.8903,3.6,3.72,234471.0
2019-08-15 04:00:00,3.72,3.72,3.5,3.55,158565.0
2019-08-16 04:00:00,3.58,3.69,3.55,3.68,181307.0
2019-08-19 04:00:00,3.76,3.78,3.675,3.69,237736.0
2019-08-20 04:00:00,3.69,3.705,3.6101,3.67,158798.0
2019-08-21 04:00:00,3.69,3.7075,3.5795,3.58,163788.0
2019-08-22 04:00:00,3.57,3.7,3.57,3.65,206126.0
2019-08-23 04:00:00,3.6,3.62,3.24,3.45,207161.0
2019-08-26 04:00:00,3.47,3.49,3.36,3.37,161140.0
2019-08-27 04:00:00,3.4,3.4,3.24,3.29,178248.0
2019-08-28 04:00:00,3.28,3.39,3.24,3.34,121718.0
2019-08-29 04:00:00,3.38,3.44,3.26,3.4,79919.0
2019-08-30 04:00:00,3.4,3.44,3.33,3.39,125721.0
2019-09-03 04:00:00,3.33,3.39,3.26,3.37,195364.0
2019-09-04 04:00:00,3.4,3.51,3.4,3.43,115051.0
2019-09-05 04:00:00,3.5,3.6,3.49,3.56,120691.0
2019-09-06 04:00:00,3.58,3.61,3.53,3.57,99255.0
2019-09-09 04:00:00,3.61,3.8,3.6047,3.8,151342.0
2019-09-10 04:00:00,3.8,3.91,3.77,3.9,105562.0
2019-09-11 04:00:00,3.9,3.99,3.88,3.95,115129.0
2019-09-12 04:00:00,3.97,4.01,3.82,3.98,133453.0
2019-09-13 04:00:00,3.99,4.03,3.9489,4.0,113779.0
2019-09-16 04:00:00,3.96,4.12,3.9,4.08,126941.0
2019-09-17 04:00:00,4.07,4.07,3.93,3.95,116775.0
2019-09-18 04:00:00,3.97,3.99,3.84,3.86,99848.0
2019-09-19 04:00:00,3.86,3.93,3.82,3.84,72388.0
2019-09-20 04:00:00,3.85,3.85,3.69,3.71,315061.0
2019-09-23 04:00:00,3.7,3.77,3.61,3.72,122354.0
2019-09-24 04:00:00,3.72,3.75,3.63,3.66,146480.0
2019-09-25 04:00:00,3.67,3.745,3.58,3.69,208151.0
2019-09-26 04:00:00,3.72,3.73,3.66,3.67,161882.0
2019-09-27 04:00:00,3.66,3.7,3.5558,3.62,111607.0
2019-09-30 04:00:00,3.63,3.67,3.55,3.56,187567.0
2019-10-01 04:00:00,3.56,3.65,3.39,3.4,133429.0
2019-10-02 04:00:00,3.36,3.46,3.32,3.45,114023.0
2019-10-03 04:00:00,3.05,3.2,2.79,2.87,996655.0
2019-10-04 04:00:00,2.82,2.95,2.78,2.8,450049.0
2019-10-07 04:00:00,2.84,2.91,2.7529,2.87,359145.0
2019-10-08 04:00:00,2.86,2.96,2.84,2.86,343569.0
2019-10-09 04:00:00,2.88,3.0,2.84,2.99,243293.0
2019-10-10 04:00:00,2.99,3.0049,2.87,2.91,215988.0
2019-10-11 04:00:00,2.95,3.04,2.92,2.99,347122.0
2019-10-14 04:00:00,3.0,3.04,2.9602,2.99,131666.0
2019-10-15 04:00:00,3.0,3.12,2.9905,3.09,428549.0
2019-10-16 04:00:00,3.1,3.105,3.01,3.04,171750.0
2019-10-17 04:00:00,3.05,3.08,3.0,3.05,185862.0
2019-10-18 04:00:00,3.02,3.06,2.97,3.03,104904.0
2019-10-21 04:00:00,3.06,3.1,2.97,2.99,192645.0
2019-10-22 04:00:00,3.0,3.02,2.87,2.87,112888.0
2019-10-23 04:00:00,2.86,2.87,2.72,2.72,264483.0
2019-10-24 04:00:00,2.77,2.84,2.76,2.8,239830.0
2019-10-25 04:00:00,2.82,2.99,2.82,2.93,156562.0
2019-10-28 04:00:00,2.93,3.05,2.93,3.04,133949.0
2019-10-29 04:00:00,3.05,3.17,3.05,3.15,173373.0
2019-10-30 04:00:00,3.15,3.15,3.04,3.1,202091.0
2019-10-31 04:00:00,3.18,3.24,3.08,3.12,252464.0
2019-11-01 04:00:00,3.1,3.21,3.1,3.185,179402.0
2019-11-04 05:00:00,3.17,3.24,3.003,3.045,293286.0
2019-11-05 05:00:00,3.04,3.1201,3.03,3.1,199561.0
2019-11-06 05:00:00,3.07,3.12,3.04,3.06,97883.0
2019-11-07 05:00:00,3.09,3.15,2.91,2.95,218238.0
2019-11-08 05:00:00,2.95,3.04,2.91,3.01,149317.0
2019-11-11 05:00:00,3.0,3.1,2.92,3.08,103360.0
2019-11-12 05:00:00,3.08,3.15,3.02,3.05,115747.0
2019-11-13 05:00:00,3.03,3.11,2.9913,3.06,110956.0
2019-11-14 05:00:00,3.06,3.09,2.93,2.98,180224.0
2019-11-15 05:00:00,2.99,3.15,2.99,3.07,244508.0
2019-11-18 05:00:00,3.05,3.09,3.0,3.07,159514.0
2019-11-19 05:00:00,3.08,3.17,3.08,3.12,138975.0
2019-11-20 05:00:00,3.09,3.16,3.03,3.04,213541.0
2019-11-21 05:00:00,3.04,3.08,2.94,2.97,120249.0
2019-11-22 05:00:00,2.99,3.0,2.9199,2.96,67488.0
2019-11-25 05:00:00,2.99,3.12,2.96,3.11,130042.0
2019-11-26 05:00:00,3.1,3.21,3.1,3.165,137394.0
2019-11-27 05:00:00,3.16,3.32,3.16,3.25,156278.0
2019-11-29 05:00:00,3.25,3.25,3.14,3.16,44700.0
2019-12-02 05:00:00,3.16,3.23,3.05,3.11,1351735.0
2019-12-03 05:00:00,3.02,3.08,2.99,3.03,93399.0
2019-12-04 05:00:00,3.05,3.095,2.98,3.03,149383.0
2019-12-05 05:00:00,3.04,3.12,3.01,3.11,226554.0
2019-12-06 05:00:00,3.13,3.24,3.13,3.2,132500.0
2019-12-09 05:00:00,3.24,3.25,3.19,3.21,338368.0
2019-12-10 05:00:00,3.2,3.24,3.18,3.21,139377.0
2019-12-11 05:00:00,3.2,3.38,3.2,3.34,207461.0
2019-12-12 05:00:00,3.34,3.57,3.34,3.54,275494.0
2019-12-13 05:00:00,3.55,3.56,3.34,3.47,180754.0
2019-12-16 05:00:00,3.49,3.52,3.35,3.41,138514.0
2019-12-17 05:00:00,3.41,3.57,3.32,3.54,743615.0
2019-12-18 05:00:00,3.56,3.6,3.47,3.57,163686.0
2019-12-19 05:00:00,3.6,3.74,3.5538,3.74,290639.0
2019-12-20 05:00:00,3.71,4.2,3.71,3.91,526478.0
2019-12-23 05:00:00,3.97,4.008,3.79,3.99,241930.0
2019-12-24 05:00:00,4.0,4.05,3.9602,4.03,124631.0
2019-12-26 05:00:00,4.0,4.04,3.89,4.03,335740.0
2019-12-27 05:00:00,4.05,4.1,3.97,4.04,279847.0
2019-12-30 05:00:00,4.05,4.17,4.02,4.14,207647.0
2019-12-31 05:00:00,4.14,4.4,4.14,4.35,307605.0
2020-01-02 05:00:00,4.36,4.45,4.29,4.43,314143.0
2020-01-03 05:00:00,4.4,4.54,4.31,4.5,429368.0
2020-01-06 05:00:00,4.48,4.63,4.4,4.61,203591.0
2020-01-07 05:00:00,4.63,4.76,4.45,4.46,328835.0
2020-01-08 05:00:00,4.42,4.55,4.24,4.32,228826.0
2020-01-09 05:00:00,4.34,4.38,4.24,4.24,143184.0
2020-01-10 05:00:00,4.22,4.3,4.22,4.25,112436.0
2020-01-13 05:00:00,4.23,4.32,4.23,4.27,145426.0
2020-01-14 05:00:00,4.26,4.38,4.26,4.31,89587.0
2020-01-15 05:00:00,4.3,4.39,4.25,4.33,236277.0
2020-01-16 05:00:00,4.45,4.74,4.3888,4.7,363262.0
2020-01-17 05:00:00,4.72,4.92,4.7154,4.9,441549.0
2020-01-21 05:00:00,4.9,4.9,4.48,4.49,314601.0
2020-01-22 05:00:00,4.51,4.62,4.49,4.56,185604.0
2020-01-23 05:00:00,4.56,4.58,4.46,4.54,177967.0
2020-01-24 05:00:00,4.57,4.69,4.48,4.53,127341.0
2020-01-27 05:00:00,4.38,4.4698,4.29,4.37,537651.0
2020-01-28 05:00:00,4.45,4.46,4.35,4.38,142462.0
2020-01-29 05:00:00,4.37,4.44,4.34,4.41,277153.0
2020-01-30 05:00:00,4.38,4.42,4.24,4.29,238194.0
2020-01-31 05:00:00,4.24,4.24,3.85,3.9,471017.0
2020-02-03 05:00:00,3.9,3.95,3.84,3.91,171766.0
2020-02-04 05:00:00,4.01,4.16,3.92,4.0,158687.0
2020-02-05 05:00:00,4.08,4.19,4.05,4.17,183816.0
2020-02-06 05:00:00,4.2,4.2,4.075,4.11,97335.0
2020-02-07 05:00:00,4.08,4.12,3.95,4.05,106949.0
2020-02-10 05:00:00,4.03,4.16,3.97,4.1,96346.0
2020-02-11 05:00:00,4.11,4.2201,4.1,4.155,154351.0
2020-02-12 05:00:00,4.14,4.31,4.14,4.28,141583.0
2020-02-13 05:00:00,4.19,4.23,4.06,4.09,116883.0
2020-02-14 05:00:00,4.1,4.17,4.0,4.06,84926.0
2020-02-18 05:00:00,4.04,4.12,3.85,3.86,273609.0
2020-02-19 05:00:00,3.88,4.09,3.83,4.06,230267.0
2020-02-20 05:00:00,4.15,4.2,3.935,4.0,429679.0
2020-02-21 05:00:00,4.03,4.05,3.75,3.77,286007.0
2020-02-24 05:00:00,3.6,3.65,3.43,3.59,284234.0
2020-02-25 05:00:00,3.61,3.62,3.46,3.47,209497.0
2020-02-26 05:00:00,3.51,3.56,3.4194,3.49,77174.0
2020-02-27 05:00:00,3.36,3.56,3.35,3.39,157828.0
2020-02-28 05:00:00,3.25,3.49,3.25,3.48,177193.0
2020-03-02 05:00:00,3.49,3.5,3.31,3.43,153257.0
2020-03-03 05:00:00,3.45,3.52,3.37,3.42,130361.0
2020-03-04 05:00:00,3.47,3.7,3.38,3.67,158901.0
2020-03-05 05:00:00,3.55,3.623,3.44,3.5,217312.0
2020-03-06 05:00:00,3.33,3.43,3.2,3.3,185949.0
2020-03-09 04:00:00,3.11,3.1701,2.97,3.03,177496.0
2020-03-10 04:00:00,3.13,3.19,2.95,3.11,180959.0
2020-03-11 04:00:00,2.98,3.0195,2.8073,2.9,284598.0
2020-03-12 04:00:00,2.71,2.79,2.31,2.43,283301.0
2020-03-13 04:00:00,2.55,2.64,2.29,2.34,371571.0
2020-03-16 04:00:00,2.21,2.28,1.85,1.9,420547.0
2020-03-17 04:00:00,1.98,2.19,1.86,2.07,526275.0
2020-03-18 04:00:00,1.91,2.04,1.87,1.89,452359.0
2020-03-19 04:00:00,1.94,2.25,1.91,2.25,1013966.0
2020-03-20 04:00:00,2.3,2.5,2.25,2.5,463759.0
2020-03-23 04:00:00,2.57,2.73,2.37,2.47,710828.0
2020-03-24 04:00:00,2.55,2.7716,2.55,2.75,600599.0
2020-03-25 04:00:00,2.74,2.78,2.6,2.69,230303.0
2020-03-26 04:00:00,2.71,3.0,2.69,3.0,300840.0
2020-03-27 04:00:00,2.84,2.97,2.69,2.78,693149.0
2020-03-30 04:00:00,2.78,2.96,2.66,2.92,225988.0
2020-03-31 04:00:00,2.97,3.215,2.95,3.21,377870.0
2020-04-01 04:00:00,3.1,3.1344,2.8,2.8,235799.0
2020-04-02 04:00:00,2.77,2.99,2.76,2.97,216521.0
2020-04-03 04:00:00,2.93,2.94,2.81,2.84,240034.0
2020-04-06 04:00:00,2.98,3.1,2.91,3.08,182670.0
2020-04-07 04:00:00,3.21,3.252,3.03,3.13,464024.0
2020-04-08 04:00:00,3.19,3.25,3.12,3.21,151129.0
2020-04-09 04:00:00,3.3,3.64,3.2301,3.61,309655.0
2020-04-13 04:00:00,3.58,3.64,3.49,3.61,165022.0
2020-04-14 04:00:00,3.7,3.82,3.5505,3.65,268047.0
2020-04-15 04:00:00,3.51,3.78,3.42,3.69,250102.0
2020-04-16 04:00:00,3.7,3.81,3.52,3.62,199113.0
2020-04-17 04:00:00,3.74,3.745,3.52,3.69,219840.0
2020-04-20 04:00:00,3.61,3.94,3.57,3.74,218525.0
2020-04-21 04:00:00,3.62,3.79,3.41,3.73,172270.0
2020-04-22 04:00:00,3.92,4.0,3.77,4.0,177157.0
2020-04-23 04:00:00,4.2,4.45,4.0,4.02,428792.0
2020-04-24 04:00:00,4.05,4.36,4.03,4.25,327149.0
2020-04-27 04:00:00,4.37,4.8,4.29,4.69,1084816.0
2020-04-28 04:00:00,4.78,5.185,4.68,5.15,537609.0
2020-04-29 04:00:00,5.25,5.41,5.147,5.24,724641.0
2020-04-30 04:00:00,5.15,5.83,5.14,5.53,2262020.0
2020-05-01 04:00:00,5.46,5.805,5.44,5.68,839978.0
2020-05-04 04:00:00,5.77,5.81,5.43,5.66,558287.0
2020-05-05 04:00:00,5.7,5.91,5.16,5.22,576373.0
2020-05-06 04:00:00,5.2,5.78,5.04,5.39,440678.0
2020-05-07 04:00:00,5.4,5.7,5.24,5.6,284328.0
2020-05-08 04:00:00,5.66,5.66,5.43,5.51,326922.0
2020-05-11 04:00:00,5.58,5.64,5.37,5.56,304191.0
2020-05-12 04:00:00,5.54,5.54,5.27,5.29,310086.0
2020-05-13 04:00:00,5.27,5.27,4.9,5.08,298665.0
2020-05-14 04:00:00,4.97,5.05,4.63,5.04,379685.0
2020-05-15 04:00:00,4.94,5.07,4.81,5.02,184082.0
2020-05-18 04:00:00,5.2,5.4,5.08,5.33,372046.0
2020-05-19 04:00:00,5.35,5.47,5.16,5.2,296778.0
2020-05-20 04:00:00,5.38,5.52,5.31,5.5,394481.0
2020-05-21 04:00:00,5.5,5.6,5.3001,5.5,399900.0
2020-05-22 04:00:00,5.5,5.5003,5.21,5.3,227568.0
2020-05-26 04:00:00,5.46,5.46,5.16,5.22,352868.0
2020-05-27 04:00:00,5.27,5.51,5.01,5.5,433933.0
2020-05-28 04:00:00,5.51,5.58,5.15,5.21,461474.0
2020-05-29 04:00:00,5.23,5.36,5.06,5.29,302180.0
2020-06-01 04:00:00,5.34,5.365,5.16,5.21,305284.0
2020-06-02 04:00:00,5.33,5.405,5.23,5.32,175504.0
2020-06-03 04:00:00,5.38,5.99,5.31,5.84,787699.0
2020-06-04 04:00:00,5.79,5.79,5.25,5.37,405766.0
2020-06-05 04:00:00,5.48,5.7,5.44,5.52,252271.0
2020-06-08 04:00:00,5.5,5.73,5.36,5.61,302600.0
2020-06-09 04:00:00,5.54,5.58,5.4,5.42,428619.0
2020-06-10 04:00:00,5.4,5.43,5.17,5.25,220066.0
2020-06-11 04:00:00,5.03,5.06,4.61,4.71,579735.0
2020-06-12 04:00:00,4.77,5.017,4.75,4.87,268470.0
2020-06-15 04:00:00,4.72,4.935,4.65,4.9,201840.0
2020-06-16 04:00:00,4.98,5.14,4.9,5.04,240011.0
2020-06-17 04:00:00,5.04,5.1,4.79,4.805,297960.0
2020-06-18 04:00:00,4.75,4.86,4.7,4.7,218599.0
2020-06-19 04:00:00,4.77,4.948,4.75,4.79,312373.0
2020-06-22 04:00:00,4.76,4.84,4.705,4.76,241755.0
2020-06-23 04:00:00,4.77,4.83,4.6,4.62,295389.0
2020-06-24 04:00:00,4.6,4.61,4.39,4.47,350532.0
2020-06-25 04:00:00,4.43,4.61,4.3,4.6,208088.0
2020-06-26 04:00:00,4.5,4.59,4.37,4.38,383237.0
2020-06-29 04:00:00,4.42,4.73,4.37,4.56,262812.0
2020-06-30 04:00:00,4.52,4.82,4.52,4.76,204700.0
2020-07-01 04:00:00,4.75,4.75,4.51,4.52,189251.0
2020-07-02 04:00:00,4.61,4.7,4.485,4.56,176113.0
2020-07-06 04:00:00,4.6,4.71,4.59,4.67,162193.0
2020-07-07 04:00:00,4.64,4.64,4.42,4.45,203425.0
2020-07-08 04:00:00,4.44,4.62,4.44,4.59,152318.0
2020-07-09 04:00:00,4.6,4.8,4.58,4.78,301278.0
2020-07-10 04:00:00,4.8,4.8699,4.66,4.76,185466.0
2020-07-13 04:00:00,4.75,4.85,4.6301,4.75,260857.0
2020-07-14 04:00:00,4.7,4.91,4.61,4.905,198337.0
2020-07-15 04:00:00,4.95,4.9794,4.69,4.8,278195.0
2020-07-16 04:00:00,4.73,4.77,4.66,4.73,213495.0
2020-07-17 04:00:00,4.69,4.89,4.69,4.83,121381.0
2020-07-20 04:00:00,4.82,5.05,4.77,5.03,299687.0
2020-07-21 04:00:00,5.05,5.44,5.04,5.37,757631.0
2020-07-22 04:00:00,5.4,5.43,5.12,5.24,353607.0
2020-07-23 04:00:00,5.5,5.54,5.13,5.28,641545.0
2020-07-24 04:00:00,5.23,5.27,4.75,4.76,446673.0
2020-07-27 04:00:00,4.75,4.98,4.74,4.86,259063.0
2020-07-28 04:00:00,4.8,4.85,4.54,4.59,410427.0
2020-07-29 04:00:00,4.66,4.71,4.53,4.675,724013.0
2020-07-30 04:00:00,4.65,4.83,4.65,4.69,264367.0
2020-07-31 04:00:00,4.7,4.85,4.66,4.79,417868.0
2020-08-03 04:00:00,4.81,4.89,4.73,4.86,237745.0
2020-08-04 04:00:00,4.86,4.99,4.79,4.96,236693.0
2020-08-05 04:00:00,5.0,5.0,4.82,4.92,440153.0
2020-08-06 04:00:00,4.92,5.14,4.76,5.08,536134.0
2020-08-07 04:00:00,5.07,5.14,4.955,5.0,246484.0
2020-08-10 04:00:00,5.05,5.05,4.85,4.89,176908.0
2020-08-11 04:00:00,4.95,5.0699,4.865,4.95,268751.0
2020-08-12 04:00:00,5.03,5.0641,4.95,5.04,222691.0
2020-08-13 04:00:00,5.02,5.1,4.91,5.02,288730.0
2020-08-14 04:00:00,5.04,5.04,4.785,4.92,243199.0
2020-08-17 04:00:00,4.91,5.17,4.91,5.08,231351.0
2020-08-18 04:00:00,5.13,5.19,4.95,5.03,205941.0
2020-08-19 04:00:00,5.0,5.07,4.9101,5.03,121155.0
2020-08-20 04:00:00,4.96,4.98,4.8601,4.94,324239.0
2020-08-21 04:00:00,4.93,4.93,4.51,4.53,438743.0
2020-08-24 04:00:00,4.52,4.96,4.52,4.95,384399.0
2020-08-25 04:00:00,5.0,5.99,5.0,5.92,3353148.0
2020-08-26 04:00:00,5.97,6.05,5.59,5.75,1376760.0
2020-08-27 04:00:00,5.86,5.8694,5.47,5.6,448100.0
2020-08-28 04:00:00,5.62,5.75,5.48,5.57,232285.0
2020-08-31 04:00:00,5.7,5.7,5.432,5.64,544706.0
2020-09-01 04:00:00,5.7,6.2,5.6903,6.05,1156229.0
2020-09-02 04:00:00,6.03,6.03,5.61,5.8,467137.0
2020-09-03 04:00:00,5.72,5.72,5.19,5.25,445311.0
2020-09-04 04:00:00,5.27,5.3045,4.87,5.145,360792.0
2020-09-08 04:00:00,5.01,5.15,4.79,4.99,394575.0
2020-09-09 04:00:00,5.1,5.18,4.985,5.11,358116.0
2020-09-10 04:00:00,5.14,5.37,5.08,5.1,496128.0
2020-09-11 04:00:00,5.13,5.14,4.87,4.92,221352.0
2020-09-14 04:00:00,4.93,5.01,4.91,5.0,252471.0
2020-09-15 04:00:00,5.05,5.33,4.9873,5.31,433100.0
2020-09-16 04:00:00,5.43,6.15,5.3723,5.87,2167541.0
2020-09-17 04:00:00,5.8,5.83,5.56,5.68,328092.0
2020-09-18 04:00:00,5.8,5.8,5.2215,5.4,584089.0
2020-09-21 04:00:00,5.24,5.315,5.12,5.28,306894.0
2020-09-22 04:00:00,5.28,5.28,5.04,5.12,245487.0
2020-09-23 04:00:00,5.18,5.235,4.98,5.05,417009.0
2020-09-24 04:00:00,5.03,5.13,4.905,4.92,182416.0
2020-09-25 04:00:00,4.9,5.03,4.855,4.93,242256.0
2020-09-28 04:00:00,4.94,5.08,4.94,4.97,271212.0
2020-09-29 04:00:00,4.93,6.36,4.93,5.94,9758912.0
2020-09-30 04:00:00,6.03,6.4199,5.79,6.12,2418401.0
2020-10-01 04:00:00,6.34,6.44,6.13,6.42,918946.0
2020-10-02 04:00:00,6.24,6.54,6.16,6.21,638736.0
2020-10-05 04:00:00,6.39,6.7399,6.36,6.55,604394.0
2020-10-06 04:00:00,6.18,6.24,5.8777,5.97,1057295.0
2020-10-07 04:00:00,6.15,6.25,6.02,6.05,358621.0
2020-10-08 04:00:00,6.15,6.22,6.0783,6.19,282754.0
2020-10-09 04:00:00,6.38,6.44,6.19,6.31,406739.0
2020-10-12 04:00:00,6.41,6.435,6.21,6.31,376031.0
2020-10-13 04:00:00,6.26,6.305,6.06,6.13,269312.0
2020-10-14 04:00:00,6.22,6.81,6.16,6.73,1818019.0
2020-10-15 04:00:00,6.46,6.5284,6.11,6.46,760093.0
2020-10-16 04:00:00,6.47,6.517,6.28,6.39,424473.0
2020-10-19 04:00:00,6.46,6.77,6.45,6.61,388890.0
2020-10-20 04:00:00,6.68,6.745,6.26,6.31,381059.0
2020-10-21 04:00:00,6.36,6.4,6.03,6.06,313015.0
2020-10-22 04:00:00,6.06,6.09,5.55,5.76,558849.0
2020-10-23 04:00:00,5.85,5.9499,5.76,5.83,241873.0
2020-10-26 04:00:00,5.8,5.96,5.71,5.8,239681.0
2020-10-27 04:00:00,5.8,6.08,5.77,5.89,386290.0
2020-10-28 04:00:00,5.79,5.825,5.44,5.56,739866.0
2020-10-29 04:00:00,5.72,6.26,5.7,6.07,631448.0
2020-10-30 04:00:00,6.04,6.06,5.81,5.95,405511.0
2020-11-02 05:00:00,5.98,6.1,5.71,5.81,268405.0
2020-11-03 05:00:00,5.86,6.08,5.75,5.81,403124.0
2020-11-04 05:00:00,5.76,6.01,5.59,5.69,424045.0
2020-11-05 05:00:00,5.7,6.18,5.7,6.14,560959.0
2020-11-06 05:00:00,6.14,6.64,6.12,6.56,430491.0
2020-11-09 05:00:00,6.65,6.98,6.51,6.78,629863.0
2020-11-10 05:00:00,6.94,6.98,6.5,6.52,726940.0
2020-11-11 05:00:00,6.62,7.1,6.6,7.1,595259.0
2020-11-12 05:00:00,7.14,7.9,7.14,7.69,1710509.0
2020-11-13 05:00:00,7.78,8.03,7.59,7.695,920549.0
2020-11-16 05:00:00,7.9,8.32,7.64,7.84,1088610.0
2020-11-17 05:00:00,8.72,9.98,8.53,9.67,3611413.0
2020-11-18 05:00:00,9.4803,9.68,8.92,9.35,1097028.0
2020-11-19 05:00:00,9.35,10.12,9.09,9.91,1205759.0
2020-11-20 05:00:00,9.98,10.44,9.85,10.22,1777311.0
2020-11-23 05:00:00,10.34,10.4306,9.645,10.02,1046355.0
2020-11-24 05:00:00,10.0,10.0378,9.44,9.58,632474.0
2020-11-25 05:00:00,9.6,9.86,9.41,9.67,400524.0
2020-11-27 05:00:00,9.72,10.04,9.68,9.97,193994.0
2020-11-30 05:00:00,9.97,10.13,9.6,9.75,336797.0
2020-12-01 05:00:00,9.77,9.84,9.51,9.56,561386.0
2020-12-02 05:00:00,9.5,9.98,9.28,9.74,483023.0
2020-12-03 05:00:00,9.79,9.9,9.52,9.54,233985.0
2020-12-04 05:00:00,9.52,10.14,9.5,9.99,520549.0
2020-12-07 05:00:00,10.01,10.09,9.5,10.02,518842.0
2020-12-08 05:00:00,9.91,11.65,9.9,10.82,2030190.0
2020-12-09 05:00:00,10.75,10.82,9.46,9.54,1120452.0
2020-12-10 05:00:00,9.58,9.77,9.36,9.46,431059.0
2020-12-11 05:00:00,9.39,9.48,8.61,9.12,983913.0
2020-12-14 05:00:00,9.19,9.84,9.15,9.605,682308.0
2020-12-15 05:00:00,9.63,10.53,9.605,10.27,897411.0
2020-12-16 05:00:00,10.36,10.4,9.7,10.19,544802.0
2020-12-17 05:00:00,10.22,10.65,9.96,10.24,590681.0
2020-12-18 05:00:00,10.29,10.39,9.84,9.84,1089539.0
2020-12-21 05:00:00,9.615,10.32,9.6,10.07,562347.0
2020-12-22 05:00:00,10.04,10.3345,9.86,10.11,384891.0
2020-12-23 05:00:00,10.1,11.26,9.98,10.49,1645853.0
2020-12-24 05:00:00,10.6,10.613,9.45,9.64,716406.0
2020-12-28 05:00:00,9.76,10.09,9.62,9.78,633128.0
2020-12-29 05:00:00,9.7,9.73,9.08,9.3,517348.0
2020-12-30 05:00:00,9.33,9.87,9.33,9.78,255973.0
2020-12-31 05:00:00,9.82,9.83,9.45,9.57,487675.0
2021-01-04 05:00:00,9.8,10.38,9.62,9.83,632221.0
2021-01-05 05:00:00,9.83,10.22,9.71,10.12,503559.0
2021-01-06 05:00:00,10.13,10.93,10.12,10.78,791109.0
2021-01-07 05:00:00,10.95,11.63,10.6764,11.32,760913.0
2021-01-08 05:00:00,11.51,11.74,10.91,11.19,477467.0
2021-01-11 05:00:00,11.08,11.4789,11.001,11.25,318140.0
2021-01-12 05:00:00,11.37,11.8427,11.22,11.59,572577.0
2021-01-13 05:00:00,11.58,11.68,11.39,11.49,295361.0
2021-01-14 05:00:00,11.68,12.45,11.68,12.35,622771.0
2021-01-15 05:00:00,12.28,12.28,11.55,11.59,349972.0
2021-01-19 05:00:00,12.025,12.21,11.7,12.13,406797.0
2021-01-20 05:00:00,12.27,12.4,11.4,11.62,454457.0
2021-01-21 05:00:00,11.76,12.03,11.327,11.89,380129.0
2021-01-22 05:00:00,11.73,11.99,11.52,11.94,351081.0
2021-01-25 05:00:00,12.3,12.65,11.6,11.81,523247.0
2021-01-26 05:00:00,11.88,11.88,11.16,11.22,307547.0
2021-01-27 05:00:00,10.96,11.04,10.27,10.62,404269.0
2021-01-28 05:00:00,10.77,11.04,10.57,10.87,312925.0
2021-01-29 05:00:00,11.03,11.0451,10.29,10.33,362811.0
2021-02-01 05:00:00,10.43,11.09,10.16,10.93,372200.0
2021-02-02 05:00:00,11.0,11.32,10.73,11.26,283075.0
2021-02-03 05:00:00,11.42,11.5994,10.9001,11.0,216539.0
2021-02-04 05:00:00,11.09,11.49,10.9,11.45,272155.0
2021-02-05 05:00:00,11.55,11.55,11.06,11.23,285788.0
2021-02-08 05:00:00,11.4,12.47,11.36,12.35,526656.0
2021-02-09 05:00:00,12.15,12.17,11.51,11.82,484844.0
2021-02-10 05:00:00,12.2,12.2,11.52,11.81,352593.0
2021-02-11 05:00:00,12.01,12.25,11.7549,12.19,374785.0
2021-02-12 05:00:00,12.2,12.93,12.0,12.49,423625.0
2021-02-16 05:00:00,12.67,12.74,12.3,12.6,459687.0
2021-02-17 05:00:00,12.49,12.63,11.82,12.54,386719.0
2021-02-18 05:00:00,12.62,12.64,11.9,12.09,638838.0
2021-02-19 05:00:00,13.0,15.84,12.78,15.37,3190470.0
2021-02-22 05:00:00,14.88,15.75,14.39,14.43,1056441.0
2021-02-23 05:00:00,13.68,13.91,12.25,13.77,1012951.0
2021-02-24 05:00:00,13.57,14.13,13.22,14.055,533523.0
2021-02-25 05:00:00,13.79,14.0,12.7,12.73,509889.0
2021-02-26 05:00:00,12.69,13.22,12.2028,12.93,445928.0
2021-03-01 05:00:00,13.41,13.8,13.2,13.78,274973.0
2021-03-02 05:00:00,13.86,13.97,13.1,13.1,404488.0
2021-03-03 05:00:00,13.19,13.6,12.65,12.77,462094.0
2021-03-04 05:00:00,12.62,12.7794,11.16,11.57,832127.0
2021-03-05 05:00:00,11.8,11.85,10.11,11.29,877462.0
2021-03-08 05:00:00,11.46,11.4662,10.555,10.68,544827.0
2021-03-09 05:00:00,10.93,11.67,10.85,11.48,571438.0
2021-03-10 05:00:00,11.77,12.2899,11.31,11.4,688358.0
2021-03-11 05:00:00,11.88,12.77,11.8,12.745,745778.0
2021-03-12 05:00:00,12.69,13.9,12.21,13.87,974256.0
2021-03-15 04:00:00,13.87,14.09,12.85,14.01,1103586.0
2021-03-16 04:00:00,14.11,14.11,13.2601,13.55,545365.0
2021-03-17 04:00:00,13.36,13.75,12.8,13.58,518180.0
2021-03-18 04:00:00,13.38,13.505,12.61,12.69,468907.0
2021-03-19 04:00:00,12.6,13.195,12.34,13.11,911931.0
2021-03-22 04:00:00,13.48,13.6235,12.94,13.13,356026.0
2021-03-23 04:00:00,13.04,13.05,11.84,11.94,525861.0
2021-03-24 04:00:00,12.11,12.58,11.19,11.22,582788.0
2021-03-25 04:00:00,10.92,11.35,10.64,11.23,457639.0
2021-03-26 04:00:00,11.37,11.46,10.83,11.36,332213.0
2021-03-29 04:00:00,11.32,11.6,10.61,10.72,476412.0
2021-03-30 04:00:00,10.58,11.19,10.41,11.07,390861.0
2021-03-31 04:00:00,11.28,11.77,11.24,11.66,577617.0
2021-04-01 04:00:00,11.97,12.45,11.75,12.31,341821.0
2021-04-05 04:00:00,12.53,12.56,12.07,12.32,302552.0
2021-04-06 04:00:00,12.472,12.472,12.02,12.16,252369.0
2021-04-07 04:00:00,12.19,12.2,11.65,11.65,374475.0
2021-04-08 04:00:00,11.65,12.36,11.65,12.35,258671.0
2021-04-09 04:00:00,12.3,12.46,11.91,12.41,469035.0
2021-04-12 04:00:00,12.34,12.3754,11.02,11.18,698457.0
2021-04-13 04:00:00,11.21,11.3428,10.73,11.11,392903.0
2021-04-14 04:00:00,11.16,11.56,11.05,11.25,334931.0
2021-04-15 04:00:00,11.48,11.48,11.01,11.28,238283.0
2021-04-16 04:00:00,11.29,11.3,10.9,10.935,225887.0
2021-04-19 04:00:00,10.85,11.1,10.53,10.74,322764.0
2021-04-20 04:00:00,10.63,10.85,10.01,10.12,597087.0
2021-04-21 04:00:00,10.02,10.651,9.78,10.58,498297.0
2021-04-22 04:00:00,10.63,10.93,10.44,10.57,298422.0
2021-04-23 04:00:00,10.64,11.14,10.63,11.08,276114.0
2021-04-26 04:00:00,11.14,11.7,11.1,11.48,378433.0
2021-04-27 04:00:00,11.61,11.63,11.21,11.5,266949.0
2021-04-28 04:00:00,11.45,11.7368,11.26,11.42,333496.0
2021-04-29 04:00:00,11.86,11.86,10.38,10.55,906916.0
2021-04-30 04:00:00,10.25,10.53,9.83,9.86,701380.0
2021-05-03 04:00:00,9.99,10.05,9.72,9.87,411279.0
2021-05-04 04:00:00,9.66,9.7,9.22,9.57,618116.0
2021-05-05 04:00:00,9.66,9.9476,9.4,9.6,508005.0
2021-05-06 04:00:00,9.57,9.65,9.2,9.51,486716.0
2021-05-07 04:00:00,9.59,9.83,9.34,9.66,345214.0
2021-05-10 04:00:00,9.56,9.67,8.96,8.98,496056.0
2021-05-11 04:00:00,8.67,9.41,8.47,9.37,455726.0
2021-05-12 04:00:00,9.15,9.32,8.68,8.71,481219.0
2021-05-13 04:00:00,8.92,9.17,8.4514,8.72,358620.0
2021-05-14 04:00:00,8.85,9.0993,8.81,8.95,254349.0
2021-05-17 04:00:00,9.7,9.71,9.13,9.52,760485.0
2021-05-18 04:00:00,9.947,10.2,9.37,9.42,775516.0
2021-05-19 04:00:00,9.3,9.72,9.05,9.7,370134.0
2021-05-20 04:00:00,9.85,9.99,9.68,9.96,307743.0
2021-05-21 04:00:00,10.06,10.16,9.77,9.95,241371.0
2021-05-24 04:00:00,10.01,10.22,9.88,10.08,251277.0
2021-05-25 04:00:00,10.11,10.3,9.85,9.88,323431.0
2021-05-26 04:00:00,9.89,10.1499,9.8057,10.07,226759.0
2021-05-27 04:00:00,10.1,10.48,10.065,10.4,228868.0
2021-05-28 04:00:00,10.48,10.5715,10.12,10.18,409757.0
2021-06-01 04:00:00,10.27,10.505,10.18,10.38,245390.0
2021-06-02 04:00:00,10.4,11.0,10.3,10.52,812289.0
2021-06-03 04:00:00,10.4,10.4199,10.08,10.12,248625.0
2021-06-04 04:00:00,10.25,10.58,10.14,10.58,200044.0
2021-06-07 04:00:00,10.58,10.7028,10.3,10.46,386877.0
2021-06-08 04:00:00,10.6,10.7,10.28,10.65,206910.0
2021-06-09 04:00:00,10.64,10.79,10.23,10.25,327045.0
2021-06-10 04:00:00,10.31,10.42,10.13,10.18,238929.0
2021-06-11 04:00:00,10.28,10.36,10.11,10.2,259624.0
2021-06-14 04:00:00,10.27,12.35,10.23,12.3,2791544.0
2021-06-15 04:00:00,12.0,12.189,11.6,11.68,701299.0
2021-06-16 04:00:00,11.7,11.86,11.4107,11.75,456348.0
2021-06-17 04:00:00,11.61,12.1907,11.5,11.64,444949.0
2021-06-18 04:00:00,11.45,11.7,11.08,11.1,1703396.0
2021-06-21 04:00:00,11.11,11.15,10.68,10.77,358903.0
2021-06-22 04:00:00,10.7,10.8,10.56,10.72,242458.0
2021-06-23 04:00:00,10.68,10.92,10.649,10.77,410461.0
2021-06-24 04:00:00,10.82,11.2962,10.81,11.27,238236.0
2021-06-25 04:00:00,11.44,11.53,10.885,10.93,643317.0
2021-06-28 04:00:00,11.0,11.25,10.96,11.19,273919.0
2021-06-29 04:00:00,11.21,11.2499,11.0192,11.17,172153.0
2021-06-30 04:00:00,11.1,11.13,10.88,10.98,400159.0
2021-07-01 04:00:00,11.0,11.0,10.68,10.78,249057.0
2021-07-02 04:00:00,10.84,10.87,10.65,10.69,192768.0
2021-07-06 04:00:00,10.72,10.73,10.35,10.53,294097.0
2021-07-07 04:00:00,10.56,10.68,10.11,10.17,291184.0
2021-07-08 04:00:00,9.88,10.2,9.76,10.08,298066.0
2021-07-09 04:00:00,10.21,10.47,10.04,10.4,189811.0
2021-07-12 04:00:00,10.45,10.54,10.26,10.5,193116.0
2021-07-13 04:00:00,10.4,10.49,10.19,10.22,163141.0
2021-07-14 04:00:00,10.36,10.42,9.82,9.87,291688.0
2021-07-15 04:00:00,9.78,9.9199,9.45,9.6,251134.0
2021-07-16 04:00:00,9.76,9.845,9.33,9.37,216242.0
2021-07-19 04:00:00,9.28,9.33,8.93,9.19,234886.0
2021-07-20 04:00:00,9.19,9.66,8.99,9.5,273803.0
2021-07-21 04:00:00,9.62,10.22,9.61,10.17,291956.0
2021-07-22 04:00:00,10.15,10.31,9.79,9.84,234675.0
2021-07-23 04:00:00,9.82,9.85,9.59,9.82,209393.0
2021-07-26 04:00:00,9.82,10.07,9.79,9.82,273402.0
2021-07-27 04:00:00,9.43,9.69,9.03,9.29,342939.0
2021-07-28 04:00:00,9.96,10.469,9.8,10.03,481887.0
2021-07-29 04:00:00,10.1,10.37,9.96,10.15,353883.0
2021-07-30 04:00:00,10.0,10.4695,10.0,10.2,308899.0
2021-08-02 04:00:00,10.3,10.52,10.04,10.05,277766.0
2021-08-03 04:00:00,10.07,10.13,9.73,9.85,217567.0
2021-08-04 04:00:00,9.75,9.91,9.5224,9.58,293645.0
2021-08-05 04:00:00,9.62,9.77,9.46,9.62,244416.0
2021-08-06 04:00:00,9.58,9.87,9.58,9.78,232328.0
2021-08-09 04:00:00,9.77,9.91,9.55,9.8,163894.0
2021-08-10 04:00:00,9.81,10.41,9.54,10.35,562719.0
2021-08-11 04:00:00,10.38,10.44,10.02,10.25,444468.0
2021-08-12 04:00:00,10.17,10.17,9.68,9.76,199737.0
2021-08-13 04:00:00,9.66,9.78,9.54,9.59,165712.0
2021-08-16 04:00:00,9.48,9.5,9.12,9.18,401450.0
2021-08-17 04:00:00,9.03,9.03,8.57,8.69,404346.0
2021-08-18 04:00:00,8.7,9.03,8.66,8.75,288926.0
2021-08-19 04:00:00,8.6,8.7,8.47,8.5,168250.0
2021-08-20 04:00:00,8.44,8.675,8.44,8.61,210784.0
2021-08-23 04:00:00,8.76,9.12,8.76,9.1,222602.0
2021-08-24 04:00:00,9.34,9.34,9.06,9.27,139245.0
2021-08-25 04:00:00,9.26,9.49,9.13,9.17,386083.0
2021-08-26 04:00:00,9.14,9.28,8.99,9.13,200293.0
2021-08-27 04:00:00,9.13,9.43,9.13,9.33,373087.0
2021-08-30 04:00:00,9.38,9.42,9.2015,9.36,147545.0
2021-08-31 04:00:00,9.36,9.39,9.12,9.31,147642.0
2021-09-01 04:00:00,9.36,9.41,9.19,9.3,159028.0
2021-09-02 04:00:00,9.39,9.91,9.3,9.72,240851.0
2021-09-03 04:00:00,9.72,9.99,9.63,9.81,188797.0
2021-09-07 04:00:00,9.87,9.95,9.56,9.66,169317.0
2021-09-08 04:00:00,9.6,9.649,9.21,9.24,236969.0
2021-09-09 04:00:00,9.17,9.365,9.1,9.17,213909.0
2021-09-10 04:00:00,9.27,9.38,9.19,9.23,210487.0
2021-09-13 04:00:00,9.06,9.06,6.53,7.68,5074816.0
2021-09-14 04:00:00,7.825,8.2373,7.455,7.77,1402431.0
2021-09-15 04:00:00,7.68,7.76,7.26,7.66,1009710.0
2021-09-16 04:00:00,7.52,7.61,7.31,7.52,559658.0
2021-09-17 04:00:00,7.53,7.94,7.33,7.92,2954135.0
2021-09-20 04:00:00,7.68,7.7,7.36,7.5,689552.0
2021-09-21 04:00:00,7.64,8.08,7.55,7.85,1605820.0
2021-09-22 04:00:00,7.97,8.209,7.9095,8.16,396564.0
2021-09-23 04:00:00,8.23,8.78,8.18,8.7,737279.0
2021-09-24 04:00:00,8.56,8.7228,8.55,8.6,297568.0
2021-09-27 04:00:00,8.62,9.01,8.6,8.8,481729.0
2021-09-28 04:00:00,8.71,8.8,8.12,8.29,719721.0
2021-09-29 04:00:00,8.33,8.4,7.89,7.92,395707.0
2021-09-30 04:00:00,7.98,8.385,7.92,8.33,672826.0
2021-10-01 04:00:00,8.38,8.41,8.07,8.28,209045.0
2021-10-04 04:00:00,8.22,8.3,7.81,7.93,373042.0
2021-10-05 04:00:00,7.98,8.12,7.82,7.91,402910.0
2021-10-06 04:00:00,7.77,7.99,7.77,7.86,165071.0
2021-10-07 04:00:00,7.99,8.24,7.975,8.03,148823.0
2021-10-08 04:00:00,8.08,8.15,8.01,8.06,139254.0
2021-10-11 04:00:00,8.03,8.1834,7.98,8.0,199148.0
2021-10-12 04:00:00,8.04,8.12,7.93,8.05,118210.0
2021-10-13 04:00:00,8.09,8.28,8.05,8.12,146681.0
2021-10-14 04:00:00,8.29,8.34,8.15,8.25,167787.0
2021-10-15 04:00:00,8.39,8.39,8.17,8.17,207298.0
2021-10-18 04:00:00,8.055,8.44,8.0015,8.38,252888.0
2021-10-19 04:00:00,8.45,8.54,8.28,8.5,105792.0
2021-10-20 04:00:00,8.43,8.66,8.38,8.57,129255.0
2021-10-21 04:00:00,8.49,8.75,8.44,8.66,215877.0
2021-10-22 04:00:00,8.6,8.7134,8.46,8.54,202246.0
2021-10-25 04:00:00,8.53,8.791,8.53,8.68,249215.0
2021-10-26 04:00:00,8.8,8.8999,8.5,8.55,213179.0
2021-10-27 04:00:00,8.5,8.86,8.5,8.58,210002.0
2021-10-28 04:00:00,8.0135,8.08,7.03,7.88,1111837.0
2021-10-29 04:00:00,7.83,8.25,7.67,8.17,498108.0
2021-11-01 04:00:00,8.17,8.7,8.0801,8.51,275889.0
2021-11-02 04:00:00,8.43,8.63,8.32,8.55,186069.0
2021-11-03 04:00:00,8.49,8.815,8.4002,8.75,174344.0
2021-11-04 04:00:00,8.922,9.3,8.87,9.17,532597.0
2021-11-05 04:00:00,9.27,9.6,9.07,9.22,310106.0
2021-11-08 05:00:00,9.3,9.4486,9.25,9.32,183699.0
2021-11-09 05:00:00,9.34,9.4,8.9,9.13,197774.0
2021-11-10 05:00:00,8.96,9.03,8.65,8.73,245406.0
2021-11-11 05:00:00,8.81,9.13,8.8,9.04,173225.0
2021-11-12 05:00:00,9.08,9.1763,9.01,9.11,155296.0
2021-11-15 05:00:00,9.235,9.33,9.0,9.17,232308.0
2021-11-16 05:00:00,9.08,9.14,8.96,8.99,205561.0
2021-11-17 05:00:00,9.02,9.05,8.72,8.79,179778.0
2021-11-18 05:00:00,8.89,9.16,8.6224,8.76,392547.0
2021-11-19 05:00:00,8.69,8.9,8.69,8.81,131526.0
2021-11-22 05:00:00,8.9,9.15,8.67,8.67,265184.0
2021-11-23 05:00:00,8.62,8.88,8.49,8.69,160587.0
2021-11-24 05:00:00,8.55,8.75,8.4001,8.68,131473.0
2021-11-26 05:00:00,8.38,8.49,8.04,8.15,225309.0
2021-11-29 05:00:00,8.37,8.49,8.2116,8.27,129595.0
2021-11-30 05:00:00,8.16,8.4,7.913,8.22,222390.0
2021-12-01 05:00:00,8.43,8.715,7.99,8.03,292381.0
2021-12-02 05:00:00,7.96,8.18,7.85,8.09,290393.0
2021-12-03 05:00:00,8.14,8.15,7.77,7.86,184015.0
2021-12-06 05:00:00,7.85,8.07,7.5911,7.95,187217.0
2021-12-07 05:00:00,8.16,8.665,8.15,8.49,208264.0
2021-12-08 05:00:00,8.47,8.63,8.29,8.55,77743.0
2021-12-09 05:00:00,8.53,8.6717,8.44,8.54,277697.0
2021-12-10 05:00:00,8.65,8.79,8.14,8.29,156483.0
2021-12-13 05:00:00,8.21,8.25,7.93,7.96,147306.0
2021-12-14 05:00:00,7.83,7.97,7.75,7.86,259222.0
2021-12-15 05:00:00,7.89,8.26,7.64,8.19,305060.0
2021-12-16 05:00:00,8.28,8.45,7.75,7.83,202043.0
2021-12-17 05:00:00,7.89,8.3,7.83,8.2,315709.0
2021-12-20 05:00:00,8.13,8.1599,7.83,8.08,228317.0
2021-12-21 05:00:00,8.29,8.65,8.26,8.63,295640.0
2021-12-22 05:00:00,8.63,8.63,8.33,8.54,205946.0
2021-12-23 05:00:00,8.53,8.9494,8.53,8.8,253242.0
2021-12-27 05:00:00,8.81,8.89,8.64,8.77,150828.0
2021-12-28 05:00:00,8.77,8.77,8.56,8.59,128627.0
2021-12-29 05:00:00,8.56,8.7,8.48,8.56,149967.0
2021-12-30 05:00:00,8.56,8.81,8.56,8.64,143215.0
2021-12-31 05:00:00,8.62,9.1,8.61,8.81,458697.0
2022-01-03 05:00:00,8.94,9.13,8.86,9.05,145547.0
2022-01-04 05:00:00,9.13,9.24,8.8,9.15,373760.0
2022-01-05 05:00:00,9.13,9.3,8.63,8.67,187327.0
2022-01-06 05:00:00,8.72,9.09,8.51,8.6,163700.0
2022-01-07 05:00:00,8.63,8.675,8.35,8.41,165227.0
2022-01-10 05:00:00,8.46,8.89,8.13,8.87,409260.0
2022-01-11 05:00:00,8.85,9.04,8.72,8.84,203653.0
2022-01-12 05:00:00,8.96,9.14,8.73,8.89,206181.0
2022-01-13 05:00:00,9.02,9.11,8.43,8.45,274614.0
2022-01-14 05:00:00,8.37,8.56,8.29,8.54,130170.0
2022-01-18 05:00:00,8.37,8.45,8.08,8.13,171928.0
2022-01-19 05:00:00,8.19,8.27,7.8058,7.81,163844.0
2022-01-20 05:00:00,7.86,8.14,7.66,7.67,176838.0
2022-01-21 05:00:00,7.55,7.92,7.46,7.54,194928.0
2022-01-24 05:00:00,7.35,7.47,6.9304,7.45,280823.0
2022-01-25 05:00:00,7.26,7.34,7.09,7.2,211099.0
2022-01-26 05:00:00,7.35,7.515,7.0,7.11,164481.0
2022-01-27 05:00:00,7.22,7.25,6.74,6.76,244637.0
2022-01-28 05:00:00,6.71,7.07,6.47,7.06,302019.0
2022-01-31 05:00:00,7.08,7.5,7.05,7.49,184477.0
2022-02-01 05:00:00,7.48,7.6964,7.36,7.47,193886.0
2022-02-02 05:00:00,7.6,7.6,7.31,7.39,165723.0
2022-02-03 05:00:00,7.19,7.34,7.08,7.1,224350.0
2022-02-04 05:00:00,7.1,7.14,6.93,7.05,131500.0
2022-02-07 05:00:00,7.09,7.53,7.09,7.36,229464.0
2022-02-08 05:00:00,7.32,7.53,7.32,7.52,118804.0
2022-02-09 05:00:00,7.62,7.78,7.52,7.72,161973.0
2022-02-10 05:00:00,7.52,7.92,7.52,7.6,193661.0
2022-02-11 05:00:00,7.61,7.69,7.17,7.31,153811.0
2022-02-14 05:00:00,7.28,7.49,7.2,7.28,91714.0
2022-02-15 05:00:00,7.41,7.95,7.4,7.83,167589.0
2022-02-16 05:00:00,7.76,7.97,7.52,7.93,139389.0
2022-02-17 05:00:00,7.9,7.945,7.36,7.61,293211.0
2022-02-18 05:00:00,7.54,7.74,7.42,7.45,137573.0
2022-02-22 05:00:00,7.24,7.42,7.2,7.22,184600.0
2022-02-23 05:00:00,7.32,7.37,6.82,6.87,156531.0
2022-02-24 05:00:00,6.51,7.28,6.39,7.25,250960.0
2022-02-25 05:00:00,7.3,7.38,7.1,7.34,178307.0
2022-02-28 05:00:00,7.25,7.61,7.25,7.45,152906.0
2022-03-01 05:00:00,7.45,7.56,7.07,7.17,161973.0
2022-03-02 05:00:00,7.26,7.55,7.2446,7.51,111968.0
2022-03-03 05:00:00,7.44,7.572,7.16,7.25,96185.0
2022-03-04 05:00:00,7.1,7.25,6.8,6.97,199120.0
2022-03-07 05:00:00,7.0,7.139,6.74,6.75,131900.0
2022-03-08 05:00:00,6.79,7.2,6.7,6.92,159858.0
2022-03-09 05:00:00,7.15,7.33,7.13,7.29,145972.0
2022-03-10 05:00:00,7.21,7.3,7.0495,7.28,102353.0
2022-03-11 05:00:00,7.32,7.34,6.82,6.84,148237.0
2022-03-14 04:00:00,6.84,6.84,6.33,6.38,153497.0
2022-03-15 04:00:00,6.38,6.52,6.2,6.51,216582.0
2022-03-16 04:00:00,6.67,7.08,6.6,7.06,169120.0
2022-03-17 04:00:00,7.02,7.19,6.93,7.1,103932.0
2022-03-18 04:00:00,7.07,7.32,6.98,7.25,230001.0
2022-03-21 04:00:00,7.19,7.2544,7.03,7.15,98282.0
2022-03-22 04:00:00,7.18,7.37,7.17,7.34,81014.0
2022-03-23 04:00:00,7.1,7.45,7.0,7.2,102100.0
2022-03-24 04:00:00,7.2,7.35,7.05,7.34,75727.0
2022-03-25 04:00:00,7.32,7.35,7.21,7.22,86853.0
2022-03-28 04:00:00,7.25,7.31,6.96,7.31,94057.0
2022-03-29 04:00:00,7.39,7.51,7.32,7.46,197959.0
2022-03-30 04:00:00,7.43,7.5,7.19,7.24,109820.0
2022-03-31 04:00:00,7.23,7.23,6.975,7.02,122072.0
2022-04-01 04:00:00,7.02,7.1,6.8,6.9,130625.0
2022-04-04 04:00:00,6.89,7.08,6.84,7.04,119045.0
2022-04-05 04:00:00,7.04,7.04,6.6501,6.78,149593.0
2022-04-06 04:00:00,6.73,6.75,6.41,6.6,244810.0
2022-04-07 04:00:00,6.62,6.7,6.44,6.51,77816.0
2022-04-08 04:00:00,6.5,6.5,6.31,6.33,112210.0
2022-04-11 04:00:00,6.25,6.35,6.07,6.24,91343.0
2022-04-12 04:00:00,6.37,6.475,6.29,6.43,215171.0
2022-04-13 04:00:00,6.46,6.61,6.44,6.46,99757.0
2022-04-14 04:00:00,6.5,6.6,6.29,6.34,102592.0
2022-04-18 04:00:00,6.29,6.47,6.21,6.39,96566.0
2022-04-19 04:00:00,6.39,6.53,6.325,6.45,86397.0
2022-04-20 04:00:00,6.45,6.54,6.29,6.31,119289.0
2022-04-21 04:00:00,6.35,6.44,6.09,6.13,140090.0
2022-04-22 04:00:00,6.09,6.26,6.09,6.11,93612.0
2022-04-25 04:00:00,6.1,6.21,6.02,6.11,154099.0
2022-04-26 04:00:00,6.04,6.04,5.73,5.77,124151.0
2022-04-27 04:00:00,5.68,5.85,5.68,5.76,146604.0
2022-04-28 04:00:00,5.81,6.03,5.71,5.95,119137.0
2022-04-29 04:00:00,6.3,6.4673,5.8,5.9,229286.0
2022-05-02 04:00:00,5.95,6.11,5.81,5.92,207963.0
2022-05-03 04:00:00,5.85,6.15,5.78,6.04,151817.0
2022-05-04 04:00:00,6.09,6.1925,5.78,6.16,112399.0
2022-05-05 04:00:00,6.03,6.03,5.73,5.87,97160.0
2022-05-06 04:00:00,5.81,5.87,5.65,5.73,90932.0
2022-05-09 04:00:00,5.63,5.694,5.4,5.43,191895.0
2022-05-10 04:00:00,5.52,5.54,5.23,5.47,184746.0
2022-05-11 04:00:00,5.45,5.685,5.27,5.31,164435.0
2022-05-12 04:00:00,5.21,5.38,5.0,5.18,289261.0
2022-05-13 04:00:00,5.29,5.62,5.24,5.47,217029.0
2022-05-16 04:00:00,5.4,5.47,5.3,5.32,145991.0
2022-05-17 04:00:00,5.43,5.5951,5.41,5.51,139517.0
2022-05-18 04:00:00,5.42,5.56,5.22,5.26,163276.0
2022-05-19 04:00:00,5.25,5.42,5.22,5.25,204993.0
2022-05-20 04:00:00,5.38,5.44,5.013,5.2,171014.0
2022-05-23 04:00:00,5.21,5.3,5.12,5.16,131813.0
2022-05-24 04:00:00,5.09,5.2,4.9701,5.14,165399.0
2022-05-25 04:00:00,5.11,5.31,5.095,5.22,129732.0
2022-05-26 04:00:00,5.22,5.58,5.21,5.49,145158.0
2022-05-27 04:00:00,5.57,5.84,5.5152,5.79,141212.0
2022-05-31 04:00:00,5.78,5.9,5.64,5.85,180948.0
2022-06-01 04:00:00,5.91,6.02,5.67,5.73,232541.0
2022-06-02 04:00:00,5.76,6.14,5.75,6.09,169457.0
2022-06-03 04:00:00,6.03,6.03,5.79,5.86,121236.0
2022-06-06 04:00:00,6.02,6.29,6.01,6.15,257510.0
2022-06-07 04:00:00,6.04,6.09,5.92,6.0,200511.0
2022-06-08 04:00:00,6.03,6.055,5.8,5.88,118452.0
2022-06-09 04:00:00,5.87,6.01,5.82,5.9,108915.0
2022-06-10 04:00:00,5.76,5.88,5.67,5.74,127249.0
2022-06-13 04:00:00,5.52,5.54,5.3,5.36,138967.0
2022-06-14 04:00:00,5.42,5.62,5.375,5.59,114866.0
2022-06-15 04:00:00,5.59,5.84,5.57,5.73,197458.0
2022-06-16 04:00:00,5.52,5.6,5.3946,5.53,219686.0
2022-06-17 04:00:00,5.52,5.715,5.52,5.61,202620.0
2022-06-21 04:00:00,5.67,5.885,5.66,5.87,173628.0
2022-06-22 04:00:00,5.76,5.98,5.76,5.91,102464.0
2022-06-23 04:00:00,5.94,6.02,5.83,5.97,185626.0
2022-06-24 04:00:00,5.98,6.23,5.91,6.19,264950.0
2022-06-27 04:00:00,6.38,6.4,6.12,6.26,171547.0
2022-06-28 04:00:00,6.26,6.3,5.895,5.91,116106.0
2022-06-29 04:00:00,5.87,5.87,5.7,5.78,208338.0
2022-06-30 04:00:00,5.68,5.86,5.68,5.86,141307.0
2022-07-01 04:00:00,5.75,5.8,5.66,5.73,218630.0
2022-07-05 04:00:00,5.59,5.725,5.565,5.7,132885.0
2022-07-06 04:00:00,5.68,5.89,5.67,5.82,94385.0
2022-07-07 04:00:00,5.95,6.09,5.88,5.96,118792.0
2022-07-08 04:00:00,5.9,6.04,5.9,6.03,79866.0
2022-07-11 04:00:00,5.98,5.99,5.835,5.86,91180.0
2022-07-12 04:00:00,5.97,6.35,5.97,6.23,301605.0
2022-07-13 04:00:00,6.1,6.24,6.08,6.18,108560.0
2022-07-14 04:00:00,6.18,6.3,6.0002,6.29,91066.0
2022-07-15 04:00:00,6.35,6.55,6.35,6.52,143090.0
2022-07-18 04:00:00,6.6,6.65,6.36,6.36,57609.0
2022-07-19 04:00:00,6.48,6.62,6.42,6.47,125832.0
2022-07-20 04:00:00,6.47,6.77,6.43,6.73,112508.0
2022-07-21 04:00:00,6.78,6.8,6.65,6.78,63381.0
2022-07-22 04:00:00,6.79,6.8,6.57,6.67,108376.0
2022-07-25 04:00:00,6.68,6.68,6.55,6.67,78368.0
2022-07-26 04:00:00,6.64,6.67,6.55,6.65,47092.0
2022-07-27 04:00:00,6.69,7.01,6.69,6.99,183146.0
2022-07-28 04:00:00,7.04,7.06,6.84,7.02,155547.0
2022-07-29 04:00:00,8.0,8.85,7.86,8.77,1590717.0
2022-08-01 04:00:00,8.48,9.55,8.48,9.21,1075684.0
2022-08-02 04:00:00,9.11,9.34,8.86,9.16,508991.0
2022-08-03 04:00:00,9.2,9.32,9.0707,9.32,422488.0
2022-08-04 04:00:00,9.35,9.7,9.2607,9.3,567827.0
2022-08-05 04:00:00,9.24,9.24,8.66,8.77,419651.0
2022-08-08 04:00:00,8.71,8.83,8.35,8.74,445126.0
2022-08-09 04:00:00,8.57,9.04,8.44,9.01,879226.0
2022-08-10 04:00:00,9.33,9.94,9.26,9.74,726323.0
2022-08-11 04:00:00,9.85,9.93,9.18,9.2,333604.0
2022-08-12 04:00:00,9.23,9.54,9.1025,9.5,278372.0
2022-08-15 04:00:00,9.49,9.64,9.341,9.61,262871.0
2022-08-16 04:00:00,9.6,9.61,9.45,9.52,142183.0
2022-08-17 04:00:00,9.35,9.35,8.96,9.22,230462.0
2022-08-18 04:00:00,9.2,9.7,9.1449,9.65,367408.0
2022-08-19 04:00:00,9.48,9.485,9.03,9.13,311848.0
2022-08-22 04:00:00,9.11,9.22,8.91,9.15,290074.0
2022-08-23 04:00:00,9.2,9.37,9.13,9.27,217119.0
2022-08-24 04:00:00,9.28,9.44,9.135,9.29,224479.0
2022-08-25 04:00:00,9.29,9.78,9.232,9.69,395811.0
2022-08-26 04:00:00,9.64,9.6691,9.1,9.14,347002.0
2022-08-29 04:00:00,9.08,9.22,8.9514,9.1,194506.0
2022-08-30 04:00:00,9.16,9.1699,8.76,8.93,221964.0
2022-08-31 04:00:00,9.05,9.05,8.58,8.59,272445.0
2022-09-01 04:00:00,8.51,8.63,8.2764,8.61,285917.0
2022-09-02 04:00:00,8.69,8.69,8.22,8.33,183551.0
2022-09-06 04:00:00,8.25,8.3,7.895,8.0,290907.0
2022-09-07 04:00:00,8.05,8.34,7.955,8.27,201181.0
2022-09-08 04:00:00,8.14,8.48,8.016,8.38,220596.0
2022-09-09 04:00:00,8.46,8.79,8.42,8.65,255098.0
2022-09-12 04:00:00,8.73,8.82,8.53,8.68,383323.0
2022-09-13 04:00:00,8.47,8.61,8.18,8.19,239305.0
2022-09-14 04:00:00,8.2,8.26,7.97,8.12,262801.0
2022-09-15 04:00:00,8.07,8.1,7.86,7.9,158812.0
2022-09-16 04:00:00,7.81,7.81,7.51,7.78,350640.0
2022-09-19 04:00:00,7.63,7.77,7.57,7.75,246397.0
2022-09-20 04:00:00,7.65,7.82,7.5423,7.74,212928.0
2022-09-21 04:00:00,7.62,7.71,7.26,7.28,493866.0
2022-09-22 04:00:00,7.19,7.29,7.02,7.14,268754.0
2022-09-23 04:00:00,7.06,7.0721,6.69,6.75,343278.0
2022-09-26 04:00:00,6.63,6.89,6.54,6.61,212097.0
2022-09-27 04:00:00,6.69,6.95,6.69,6.82,259853.0
2022-09-28 04:00:00,6.87,7.07,6.78,7.0,174199.0
2022-09-29 04:00:00,6.85,6.91,6.68,6.8,112383.0
2022-09-30 04:00:00,6.79,6.94,6.69,6.7,140827.0
2022-10-03 04:00:00,6.87,7.12,6.79,7.01,200913.0
2022-10-04 04:00:00,6.24,6.26,5.365,5.53,1625609.0
2022-10-05 04:00:00,5.53,5.575,5.25,5.34,654319.0
2022-10-06 04:00:00,5.3,5.4887,5.24,5.32,362282.0
2022-10-07 04:00:00,5.25,5.335,5.1,5.13,360501.0
2022-10-10 04:00:00,5.11,5.15,4.61,4.62,784744.0
2022-10-11 04:00:00,4.6,4.71,4.43,4.59,393694.0
2022-10-12 04:00:00,4.54,4.54,4.32,4.33,378426.0
2022-10-13 04:00:00,4.3,4.57,4.17,4.55,276895.0
2022-10-14 04:00:00,4.55,4.5699,4.29,4.3,287457.0
2022-10-17 04:00:00,4.3,4.485,4.25,4.345,297841.0
2022-10-18 04:00:00,4.44,4.605,4.2805,4.37,298522.0
2022-10-19 04:00:00,4.33,4.365,4.2299,4.32,181810.0
2022-10-20 04:00:00,4.28,4.52,4.26,4.34,228655.0
2022-10-21 04:00:00,4.34,4.43,4.263,4.4,209570.0
2022-10-24 04:00:00,4.39,4.39,4.26,4.3,248859.0
2022-10-25 04:00:00,4.3,4.5,4.3,4.41,326396.0
2022-10-26 04:00:00,4.41,4.68,4.37,4.5,238155.0
2022-10-27 04:00:00,4.58,4.6,4.44,4.51,324658.0
2022-10-28 04:00:00,4.69,4.81,4.47,4.6,497736.0
2022-10-31 04:00:00,4.52,4.66,4.52,4.54,168247.0
2022-11-01 04:00:00,4.57,4.81,4.57,4.72,408538.0
2022-11-02 04:00:00,4.75,4.905,4.66,4.77,486079.0
2022-11-03 04:00:00,4.7,4.755,4.63,4.7,230796.0
2022-11-04 04:00:00,4.75,4.92,4.68,4.91,265673.0
2022-11-07 05:00:00,4.91,5.0,4.845,4.96,208358.0
2022-11-08 05:00:00,5.01,5.13,5.01,5.07,186241.0
2022-11-09 05:00:00,5.05,5.0585,4.965,4.99,254036.0
2022-11-10 05:00:00,5.23,5.3,5.135,5.25,270314.0
2022-11-11 05:00:00,5.29,5.44,5.1901,5.29,301249.0
2022-11-14 05:00:00,5.27,5.38,5.11,5.12,204204.0
2022-11-15 05:00:00,5.26,5.39,5.195,5.25,215711.0
2022-11-16 05:00:00,5.17,5.18,5.0167,5.07,122094.0
2022-11-17 05:00:00,4.97,5.15,4.941,5.14,91974.0
2022-11-18 05:00:00,5.27,5.35,5.21,5.31,175182.0
2022-11-21 05:00:00,5.31,5.31,5.1314,5.21,123498.0
2022-11-22 05:00:00,5.22,5.33,5.11,5.32,199741.0
2022-11-23 05:00:00,5.32,5.56,5.32,5.47,130246.0
2022-11-25 05:00:00,5.48,5.48,5.34,5.38,69729.0
2022-11-28 05:00:00,5.3,5.3308,5.14,5.17,77591.0
2022-11-29 05:00:00,5.14,5.22,5.09,5.1,82826.0
2022-11-30 05:00:00,5.09,5.37,5.01,5.31,150860.0
2022-12-01 05:00:00,5.35,5.39,5.24,5.35,131291.0
2022-12-02 05:00:00,5.24,5.37,5.16,5.36,117507.0
2022-12-05 05:00:00,5.35,5.37,5.16,5.18,139419.0
2022-12-06 05:00:00,5.18,5.25,5.105,5.12,165882.0
2022-12-07 05:00:00,5.14,5.14,4.99,5.0,109743.0
2022-12-08 05:00:00,5.0,5.18,4.98,5.11,121672.0
2022-12-09 05:00:00,5.08,5.115,4.94,4.97,149082.0
2022-12-12 05:00:00,4.98,5.06,4.92,5.05,147898.0
2022-12-13 05:00:00,5.17,5.36,4.97,4.99,283851.0
2022-12-14 05:00:00,5.0,5.26,5.0,5.18,239441.0
2022-12-15 05:00:00,5.09,5.1,4.7,4.71,255529.0
2022-12-16 05:00:00,4.71,4.815,4.66,4.72,258339.0
2022-12-19 05:00:00,4.7,4.7,4.46,4.48,141931.0
2022-12-20 05:00:00,4.43,4.5315,4.36,4.4,246184.0
2022-12-21 05:00:00,4.43,4.48,4.35,4.46,837184.0
2022-12-22 05:00:00,4.39,4.41,4.18,4.4,385574.0
2022-12-23 05:00:00,4.39,4.45,4.34,4.4,111621.0
2022-12-27 05:00:00,4.39,4.41,4.22,4.25,123536.0
2022-12-28 05:00:00,4.24,4.4,4.23,4.31,283813.0
2022-12-29 05:00:00,4.37,4.5315,4.34,4.45,259923.0
2022-12-30 05:00:00,4.38,4.43,4.321,4.38,102991.0
2023-01-03 05:00:00,4.43,4.53,4.33,4.37,126533.0
2023-01-04 05:00:00,4.4,4.61,4.4,4.59,147184.0
2023-01-05 05:00:00,4.52,4.61,4.47,4.53,106619.0
2023-01-06 05:00:00,4.55,4.85,4.53,4.84,144944.0
2023-01-09 05:00:00,4.96,5.08,4.86,4.9,172135.0
2023-01-10 05:00:00,4.92,5.05,4.915,5.04,91469.0
2023-01-11 05:00:00,5.04,5.17,4.99,5.17,91424.0
2023-01-12 05:00:00,5.19,5.26,5.08,5.23,121059.0
2023-01-13 05:00:00,5.12,5.29,5.11,5.28,161153.0
2023-01-17 05:00:00,5.24,5.35,5.16,5.3,125791.0
2023-01-18 05:00:00,5.33,5.48,5.31,5.36,195852.0
2023-01-19 05:00:00,5.3,5.31,5.22,5.27,173413.0
2023-01-20 05:00:00,5.33,5.48,5.2771,5.48,137104.0
2023-01-23 05:00:00,5.48,5.69,5.46,5.65,158407.0
2023-01-24 05:00:00,5.6,5.635,5.535,5.59,76708.0
2023-01-25 05:00:00,5.54,5.66,5.51,5.66,112852.0
2023-01-26 05:00:00,5.68,5.87,5.66,5.87,112942.0
2023-01-27 05:00:00,5.84,5.92,5.7824,5.84,128402.0
2023-01-30 05:00:00,5.72,5.8064,5.67,5.71,112847.0
2023-01-31 05:00:00,5.68,5.9178,5.67,5.89,123277.0
2023-02-01 05:00:00,5.93,6.34,5.92,6.25,188023.0
2023-02-02 05:00:00,6.33,6.4753,6.3178,6.44,147055.0
2023-02-03 05:00:00,6.32,6.55,6.32,6.48,214960.0
2023-02-06 05:00:00,6.36,6.4399,6.27,6.27,134115.0
2023-02-07 05:00:00,6.25,6.43,6.21,6.43,92790.0
2023-02-08 05:00:00,6.36,6.45,6.3,6.34,107797.0
2023-02-09 05:00:00,6.41,6.565,6.33,6.41,155059.0
2023-02-10 05:00:00,6.38,6.44,5.905,5.92,181045.0
2023-02-13 05:00:00,5.92,6.01,5.86,5.95,144301.0
2023-02-14 05:00:00,5.88,6.13,5.76,6.09,138036.0
2023-02-15 05:00:00,6.03,6.26,6.03,6.24,120754.0
2023-02-16 05:00:00,6.13,6.31,5.89,5.9,154424.0
2023-02-17 05:00:00,5.18,5.18,4.5,4.88,1204649.0
2023-02-21 05:00:00,4.71,4.87,4.235,4.42,621784.0
2023-02-22 05:00:00,4.42,4.7,4.305,4.62,458765.0
2023-02-23 05:00:00,4.74,4.83,4.59,4.64,212516.0
2023-02-24 05:00:00,4.55,4.58,4.45,4.5,188768.0
2023-02-27 05:00:00,4.55,4.62,4.4607,4.47,113253.0
2023-02-28 05:00:00,4.43,4.53,4.37,4.37,182140.0
2023-03-01 05:00:00,4.39,4.59,4.28,4.3,199178.0
2023-03-02 05:00:00,4.26,4.28,4.15,4.25,331462.0
2023-03-03 05:00:00,4.28,4.37,4.27,4.34,152249.0
2023-03-06 05:00:00,4.35,4.39,4.08,4.12,286935.0
2023-03-07 05:00:00,4.12,4.17,3.96,4.0,197049.0
2023-03-08 05:00:00,4.0,4.09,3.955,3.98,186035.0
2023-03-09 05:00:00,3.98,4.03,3.87,3.87,233799.0
2023-03-10 05:00:00,3.87,3.925,3.72,3.76,231911.0
2023-03-13 04:00:00,3.68,3.7139,3.5,3.51,275664.0
2023-03-14 04:00:00,3.62,3.7,3.55,3.6,312616.0
2023-03-15 04:00:00,3.51,3.73,3.48,3.69,271743.0
2023-03-16 04:00:00,3.62,3.8,3.59,3.77,252126.0
2023-03-17 04:00:00,3.76,3.815,3.71,3.76,394399.0
2023-03-20 04:00:00,3.77,3.79,3.675,3.71,284004.0
2023-03-21 04:00:00,3.78,3.95,3.75,3.9,223380.0
2023-03-22 04:00:00,3.9,3.97,3.8,3.81,155435.0
2023-03-23 04:00:00,3.84,3.9128,3.76,3.8,113405.0
2023-03-24 04:00:00,3.73,3.78,3.69,3.77,162308.0
2023-03-27 04:00:00,3.8,3.81,3.655,3.75,206484.0
2023-03-28 04:00:00,3.73,3.7359,3.63,3.71,134264.0
2023-03-29 04:00:00,3.76,3.86,3.7,3.85,147703.0
2023-03-30 04:00:00,3.9,3.92,3.82,3.9,270269.0
2023-03-31 04:00:00,3.91,3.99,3.85,3.98,215660.0
2023-04-03 04:00:00,3.97,4.04,3.9,3.95,170493.0
2023-04-04 04:00:00,3.94,3.95,3.84,3.87,167417.0
2023-04-05 04:00:00,3.86,3.86,3.725,3.84,113097.0
2023-04-06 04:00:00,3.8,3.86,3.76,3.85,96091.0
2023-04-10 04:00:00,3.82,3.935,3.805,3.86,460603.0
2023-04-11 04:00:00,3.74,3.9,3.705,3.74,444057.0
2023-04-12 04:00:00,3.76,3.82,3.7011,3.73,200693.0
2023-04-13 04:00:00,3.72,3.72,3.51,3.53,271462.0
2023-04-14 04:00:00,3.53,3.565,3.455,3.5,241900.0
2023-04-17 04:00:00,3.48,3.52,3.37,3.49,187906.0
2023-04-18 04:00:00,3.47,3.59,3.47,3.5,278220.0
2023-04-19 04:00:00,3.45,3.45,3.31,3.34,226020.0
2023-04-20 04:00:00,3.33,3.35,3.2,3.24,196570.0
2023-04-21 04:00:00,3.22,3.23,3.0868,3.1,268388.0
2023-04-24 04:00:00,3.08,3.115,2.985,3.04,249232.0
2023-04-25 04:00:00,3.01,3.215,3.01,3.21,359255.0
2023-04-26 04:00:00,3.2,3.24,3.14,3.21,245493.0
2023-04-27 04:00:00,3.24,3.26,3.07,3.13,315408.0
2023-04-28 04:00:00,3.0,3.1,2.58,2.67,1119872.0
2023-05-01 04:00:00,2.7,2.7,2.47,2.6,626114.0
2023-05-02 04:00:00,2.6,2.69,2.52,2.67,424790.0
2023-05-03 04:00:00,2.67,2.86,2.65,2.8,339013.0
2023-05-04 04:00:00,2.74,2.83,2.71,2.78,198881.0
2023-05-05 04:00:00,2.78,2.91,2.78,2.89,290239.0
2023-05-08 04:00:00,2.89,3.105,2.855,3.08,295015.0
2023-05-09 04:00:00,3.02,3.03,2.9,2.94,428898.0
2023-05-10 04:00:00,2.98,3.08,2.9599,3.07,232244.0
2023-05-11 04:00:00,3.04,3.0599,3.01,3.04,144355.0
2023-05-12 04:00:00,3.03,3.0699,2.96,3.0,186257.0
2023-05-15 04:00:00,3.01,3.21,2.98,3.17,184526.0
2023-05-16 04:00:00,3.16,3.24,3.145,3.21,154756.0
2023-05-17 04:00:00,3.21,3.36,3.21,3.36,154002.0
2023-05-18 04:00:00,3.36,3.49,3.3494,3.43,244770.0
2023-05-19 04:00:00,3.48,3.495,3.39,3.4,251350.0
2023-05-22 04:00:00,3.4,3.455,3.365,3.43,189204.0
2023-05-23 04:00:00,3.4,3.44,3.32,3.34,124867.0
2023-05-24 04:00:00,3.32,3.33,3.2,3.3,247748.0
2023-05-25 04:00:00,3.38,3.38,3.25,3.34,179174.0
2023-05-26 04:00:00,3.34,3.71,3.32,3.66,328794.0
2023-05-30 04:00:00,3.7,3.71,3.5,3.61,241094.0
2023-05-31 04:00:00,3.6,3.61,3.385,3.41,218803.0
2023-06-01 04:00:00,3.4,3.42,3.299,3.38,391172.0
2023-06-02 04:00:00,3.41,3.49,3.38,3.48,321513.0
2023-06-05 04:00:00,3.45,3.5,3.31,3.31,316383.0
2023-06-06 04:00:00,3.31,3.61,3.3,3.57,381828.0
2023-06-07 04:00:00,3.58,3.91,3.58,3.83,494191.0
2023-06-08 04:00:00,3.84,3.845,3.55,3.6,316724.0
2023-06-09 04:00:00,3.6,3.785,3.51,3.74,412140.0
2023-06-12 04:00:00,3.76,3.9001,3.71,3.83,324485.0
2023-06-13 04:00:00,3.88,3.8876,3.67,3.72,252644.0
2023-06-14 04:00:00,3.79,4.015,3.73,3.75,541938.0
2023-06-15 04:00:00,3.72,3.72,3.575,3.6,395219.0
2023-06-16 04:00:00,3.61,3.61,3.515,3.59,454815.0
2023-06-20 04:00:00,3.58,3.59,3.315,3.38,464133.0
2023-06-21 04:00:00,3.38,3.4,3.28,3.3,387676.0
2023-06-22 04:00:00,3.25,3.35,3.225,3.34,382901.0
2023-06-23 04:00:00,3.26,3.4,3.24,3.28,5623325.0
2023-06-26 04:00:00,3.32,3.56,3.32,3.35,558140.0
2023-06-27 04:00:00,3.35,3.5,3.325,3.46,254394.0
2023-06-28 04:00:00,3.43,3.455,3.3,3.31,215610.0
2023-06-29 04:00:00,3.31,3.46,3.309,3.46,206273.0
2023-06-30 04:00:00,3.47,3.56,3.41,3.44,216308.0
2023-07-03 04:00:00,3.58,3.625,3.43,3.51,229010.0
2023-07-05 04:00:00,3.48,3.5,2.8199,2.84,3196899.0
2023-07-06 04:00:00,2.77,2.88,2.685,2.7,944295.0
2023-07-07 04:00:00,2.69,2.91,2.68,2.9,752468.0
2023-07-10 04:00:00,2.89,2.93,2.81,2.9,553542.0
2023-07-11 04:00:00,2.85,2.91,2.77,2.84,446237.0
2023-07-12 04:00:00,2.86,2.91,2.8,2.86,341587.0
2023-07-13 04:00:00,2.86,3.11,2.86,3.1,534931.0
2023-07-14 04:00:00,3.08,3.11,2.95,3.0,295918.0
2023-07-17 04:00:00,2.96,3.01,2.92,2.94,238141.0
2023-07-18 04:00:00,2.91,3.05,2.9,2.95,349105.0
2023-07-19 04:00:00,2.95,3.02,2.93,3.02,179519.0
2023-07-20 04:00:00,2.97,3.03,2.955,3.02,309405.0
2023-07-21 04:00:00,3.03,3.07,2.97,3.03,194461.0
2023-07-24 04:00:00,3.02,3.07,2.955,3.0,170141.0
2023-07-25 04:00:00,3.0,3.045,2.92,2.92,256783.0
2023-07-26 04:00:00,2.93,3.0133,2.885,2.98,296340.0
2023-07-27 04:00:00,3.03,3.06,2.92,2.92,169821.0
2023-07-28 04:00:00,2.92,3.01,2.92,2.99,158361.0
2023-07-31 04:00:00,2.99,3.12,2.989,3.11,234079.0
2023-08-01 04:00:00,3.12,3.12,2.995,3.08,212928.0
2023-08-02 04:00:00,3.04,3.04,2.87,2.99,466246.0
2023-08-03 04:00:00,2.95,3.0975,2.93,2.96,330239.0
2023-08-04 04:00:00,2.86,3.0339,2.68,2.92,570106.0
2023-08-07 04:00:00,2.94,2.94,2.67,2.75,485916.0
2023-08-08 04:00:00,2.72,2.7309,2.625,2.68,240551.0
2023-08-09 04:00:00,2.67,2.68,2.56,2.58,410107.0
2023-08-10 04:00:00,2.58,2.69,2.57,2.66,248830.0
2023-08-11 04:00:00,2.66,2.66,2.59,2.6,179166.0
2023-08-14 04:00:00,2.61,2.61,2.54,2.55,210376.0
2023-08-15 04:00:00,2.53,2.55,2.39,2.41,441763.0
2023-08-16 04:00:00,2.42,2.46,2.4099,2.43,177835.0
2023-08-17 04:00:00,2.43,2.43,2.37,2.38,87895.0
2023-08-18 04:00:00,2.35,2.38,2.27,2.34,552566.0
2023-08-21 04:00:00,2.31,2.42,2.3,2.4,120424.0
2023-08-22 04:00:00,2.47,2.47,2.37,2.4,188998.0
2023-08-23 04:00:00,2.41,2.43,2.35,2.38,296252.0
2023-08-24 04:00:00,2.4,2.4,2.22,2.25,312523.0
2023-08-25 04:00:00,2.25,2.31,2.2,2.28,507714.0
2023-08-28 04:00:00,2.29,2.41,2.29,2.4,223943.0
2023-08-29 04:00:00,2.39,2.56,2.37,2.54,251943.0
2023-08-30 04:00:00,2.51,2.58,2.48,2.56,120480.0
2023-08-31 04:00:00,2.54,2.61,2.52,2.6,123834.0
2023-09-01 04:00:00,2.61,2.66,2.6,2.64,141081.0
2023-09-05 04:00:00,2.59,2.61,2.53,2.55,113607.0
2023-09-06 04:00:00,2.56,2.63,2.51,2.56,161868.0
2023-09-07 04:00:00,2.51,2.56,2.36,2.385,275005.0
2023-09-08 04:00:00,2.41,2.41,2.3225,2.37,204024.0
2023-09-11 04:00:00,2.38,2.425,2.3631,2.41,112901.0
2023-09-12 04:00:00,2.4,2.4169,2.37,2.4,114602.0
2023-09-13 04:00:00,2.42,2.42,2.36,2.37,156081.0
2023-09-14 04:00:00,2.35,2.4101,2.35,2.38,105989.0
2023-09-15 04:00:00,2.34,2.37,2.31,2.32,252992.0
2023-09-18 04:00:00,2.33,2.34,2.29,2.32,116648.0
2023-09-19 04:00:00,2.32,2.35,2.295,2.32,115430.0
2023-09-20 04:00:00,2.32,2.35,2.3,2.32,188441.0
2023-09-21 04:00:00,2.32,2.355,2.2899,2.34,219693.0
2023-09-22 04:00:00,2.37,2.38,2.325,2.35,146862.0
2023-09-25 04:00:00,2.33,2.37,2.32,2.37,86831.0
2023-09-26 04:00:00,2.36,2.36,2.28,2.3,218947.0
2023-09-27 04:00:00,2.35,2.365,2.31,2.34,88191.0
2023-09-28 04:00:00,2.35,2.38,2.325,2.35,113116.0
2023-09-29 04:00:00,2.3846,2.45,2.35,2.4,589393.0
2023-10-02 04:00:00,2.41,2.41,2.37,2.39,109129.0
2023-10-03 04:00:00,2.39,2.4182,2.3609,2.4,120051.0
2023-10-04 04:00:00,2.39,2.52,2.385,2.51,102333.0
2023-10-05 04:00:00,2.5,2.525,2.49,2.5,134452.0
2023-10-06 04:00:00,2.5,2.5,2.435,2.49,78792.0
2023-10-09 04:00:00,2.47,2.47,2.3966,2.43,126976.0
2023-10-10 04:00:00,2.42,2.51,2.41,2.48,94389.0
2023-10-11 04:00:00,2.51,2.5434,2.45,2.49,155956.0
2023-10-12 04:00:00,2.49,2.495,2.42,2.44,150042.0
2023-10-13 04:00:00,2.43,2.43,2.3,2.33,105302.0
2023-10-16 04:00:00,2.32,2.38,2.3,2.35,200871.0
2023-10-17 04:00:00,2.35,2.3791,2.32,2.34,156627.0
2023-10-18 04:00:00,2.33,2.33,2.255,2.28,200792.0
2023-10-19 04:00:00,2.29,2.325,2.26,2.28,146446.0
2023-10-20 04:00:00,2.3,2.31,2.21,2.24,167556.0
2023-10-23 04:00:00,2.25,2.29,2.23,2.25,118086.0
2023-10-24 04:00:00,2.28,2.28,2.155,2.21,257148.0
2023-10-25 04:00:00,2.21,2.21,2.125,2.14,248356.0
2023-10-26 04:00:00,2.12,2.16,2.0799,2.08,393136.0
2023-10-27 04:00:00,2.09,2.12,2.06,2.07,192528.0
2023-10-30 04:00:00,2.09,2.095,2.01,2.03,128190.0
2023-10-31 04:00:00,2.0,2.095,1.9808,1.99,362649.0
2023-11-01 04:00:00,1.98,2.01,1.895,1.93,361577.0
2023-11-02 04:00:00,1.89,2.1,1.89,2.05,327578.0
2023-11-03 04:00:00,2.01,2.281,2.01,2.25,258786.0
2023-11-06 05:00:00,2.23,2.31,2.23,2.3,98514.0
2023-11-07 05:00:00,2.27,2.275,2.15,2.17,88799.0
2023-11-08 05:00:00,2.2,2.2,2.1,2.1,275356.0
2023-11-09 05:00:00,2.09,2.145,2.05,2.07,303275.0
2023-11-10 05:00:00,2.08,2.09,1.95,1.98,109504.0
2023-11-13 05:00:00,1.98,2.02,1.97,2.01,83715.0
2023-11-14 05:00:00,2.07,2.15,2.07,2.1,106958.0
2023-11-15 05:00:00,2.14,2.2,2.105,2.13,137937.0
2023-11-16 05:00:00,2.14,2.15,2.02,2.03,140571.0
2023-11-17 05:00:00,2.02,2.05,1.98,2.04,79079.0
2023-11-20 05:00:00,2.03,2.05,2.02,2.05,79744.0
2023-11-21 05:00:00,2.05,2.06,1.98,1.99,80590.0
2023-11-22 05:00:00,1.98,2.02,1.935,1.98,81669.0
2023-11-24 05:00:00,2.0,2.009,1.98,1.99,14937.0
2023-11-27 05:00:00,1.96,2.06,1.95,1.98,461744.0
2023-11-28 05:00:00,2.0,2.09,1.97,2.08,188067.0
2023-11-29 05:00:00,2.1,2.1806,2.07,2.07,141845.0
2023-11-30 05:00:00,2.07,2.11,1.98,1.99,187570.0
2023-12-01 05:00:00,2.0,2.03,1.97,2.02,160444.0
2023-12-04 05:00:00,2.01,2.05,1.9801,2.03,215620.0
2023-12-05 05:00:00,2.04,2.08,2.01,2.01,182467.0
2023-12-06 05:00:00,2.02,2.06,1.995,2.01,159096.0
2023-12-07 05:00:00,2.01,2.12,1.9868,2.05,141175.0
2023-12-08 05:00:00,2.06,2.34,2.06,2.33,307889.0
2023-12-11 05:00:00,2.32,2.69,2.3022,2.44,428458.0
2023-12-12 05:00:00,2.47,2.52,2.3,2.3,176968.0
2023-12-13 05:00:00,2.3,2.32,2.2,2.28,155792.0
2023-12-14 05:00:00,2.36,2.68,2.36,2.65,267832.0
2023-12-15 05:00:00,2.69,2.75,2.6301,2.7,224374.0
2023-12-18 05:00:00,2.7,2.7,2.54,2.56,189079.0
2023-12-19 05:00:00,2.56,2.5608,2.47,2.48,91152.0
2023-12-20 05:00:00,2.51,2.55,2.31,2.32,197938.0
2023-12-21 05:00:00,2.34,2.45,2.31,2.45,119016.0
2023-12-22 05:00:00,2.44,2.485,2.43,2.48,111456.0
2023-12-26 05:00:00,2.46,2.5311,2.45,2.48,164092.0
2023-12-27 05:00:00,2.48,2.53,2.4,2.4,235759.0
2023-12-28 05:00:00,2.41,2.44,2.31,2.35,238921.0
2023-12-29 05:00:00,2.32,2.405,2.28,2.4,295143.0
2024-01-02 05:00:00,2.4,2.52,2.3799,2.47,101860.0
2024-01-03 05:00:00,2.46,2.49,2.36,2.47,142240.0
2024-01-04 05:00:00,2.44,2.47,2.42,2.45,131150.0
2024-01-05 05:00:00,2.45,2.515,2.43,2.5,108047.0
2024-01-08 05:00:00,2.49,2.57,2.45,2.55,138224.0
2024-01-09 05:00:00,2.51,2.6,2.51,2.58,138147.0
2024-01-10 05:00:00,2.58,2.61,2.55,2.6,143648.0
2024-01-11 05:00:00,2.58,2.62,2.54,2.61,127737.0
2024-01-12 05:00:00,2.62,2.635,2.58,2.63,97457.0
2024-01-16 05:00:00,2.61,2.75,2.6,2.72,186025.0
2024-01-17 05:00:00,2.7,2.7,2.5,2.56,191202.0
2024-01-18 05:00:00,2.61,2.67,2.455,2.6,158209.0
2024-01-19 05:00:00,2.6,2.655,2.5706,2.65,47509.0
2024-01-22 05:00:00,2.65,2.8401,2.65,2.81,289153.0
2024-01-23 05:00:00,2.83,2.9327,2.81,2.84,150732.0
2024-01-24 05:00:00,2.88,2.88,2.75,2.8,136226.0
2024-01-25 05:00:00,2.83,2.8747,2.67,2.67,84498.0
2024-01-26 05:00:00,2.67,2.6999,2.54,2.575,108844.0
2024-01-29 05:00:00,2.55,2.615,2.53,2.61,65214.0
2024-01-30 05:00:00,2.62,2.62,2.46,2.47,70314.0
2024-01-31 05:00:00,2.46,2.53,2.42,2.46,119875.0
2024-02-01 05:00:00,2.5,2.54,2.4697,2.52,76361.0
2024-02-02 05:00:00,2.51,2.5299,2.48,2.52,58749.0
2024-02-05 05:00:00,2.5,2.5,2.41,2.41,83235.0
2024-02-06 05:00:00,2.42,2.485,2.37,2.47,83068.0
2024-02-07 05:00:00,2.48,2.48,2.38,2.44,92347.0
2024-02-08 05:00:00,2.38,2.53,2.38,2.47,111908.0
2024-02-09 05:00:00,2.49,2.535,2.48,2.52,128802.0
2024-02-12 05:00:00,2.53,2.535,2.47,2.47,143396.0
2024-02-13 05:00:00,2.41,2.43,2.25,2.33,163132.0
2024-02-14 05:00:00,2.35,2.37,2.32,2.35,96894.0
2024-02-15 05:00:00,2.36,2.45,2.36,2.42,103332.0
2024-02-16 05:00:00,2.43,2.51,2.4,2.4,103896.0
2024-02-20 05:00:00,2.4,2.41,2.28,2.28,81209.0
2024-02-21 05:00:00,2.27,2.3,2.17,2.2,196168.0
2024-02-22 05:00:00,2.24,2.34,2.19,2.28,551639.0
2024-02-23 05:00:00,3.16,4.85,3.15,3.86,103105619.0
2024-02-26 05:00:00,4.1,4.615,3.58,4.53,6345786.0
2024-02-27 05:00:00,4.45,5.43,4.42,5.37,4138513.0
2024-02-28 05:00:00,5.26,5.26,4.4588,4.82,1680707.0
2024-02-29 05:00:00,4.45,4.5,3.8401,4.29,2232466.0
2024-03-01 05:00:00,4.36,4.63,4.1,4.27,1106760.0
2024-03-04 05:00:00,4.22,4.34,3.9,4.26,1003583.0
2024-03-05 05:00:00,4.17,4.49,4.17,4.22,835982.0
2024-03-06 05:00:00,4.31,4.7,4.19,4.69,1337587.0
2024-03-07 05:00:00,4.76,4.84,4.48,4.49,918625.0
2024-03-08 05:00:00,4.58,4.85,4.5,4.58,672462.0
2024-03-11 04:00:00,4.53,4.74,4.35,4.56,762318.0
2024-03-12 04:00:00,4.6,4.75,4.46,4.5,581586.0
2024-03-13 04:00:00,4.47,4.77,4.3,4.73,759677.0
2024-03-14 04:00:00,4.78,5.171,4.442,4.57,1256631.0
2024-03-15 04:00:00,4.63,5.12,4.5601,4.87,1733340.0
2024-03-18 04:00:00,4.94,5.11,4.77,4.85,946320.0
2024-03-19 04:00:00,4.78,4.91,4.62,4.83,580628.0
2024-03-20 04:00:00,4.79,5.08,4.75,4.99,906945.0
2024-03-21 04:00:00,5.08,5.64,5.075,5.4,1377704.0
2024-03-22 04:00:00,5.38,5.41,4.86,4.95,945038.0
2024-03-25 04:00:00,4.88,5.16,4.65,4.7,842767.0
2024-03-26 04:00:00,4.72,5.0072,4.7,4.71,544820.0
2024-03-27 04:00:00,4.73,4.92,4.655,4.89,566433.0
2024-03-28 04:00:00,4.885,4.965,4.5,4.59,564877.0
2024-04-01 04:00:00,4.61,4.87,4.55,4.81,359167.0
2024-04-02 04:00:00,4.74,4.79,4.575,4.72,433535.0
2024-04-03 04:00:00,4.65,4.99,4.61,4.95,567591.0
2024-04-04 04:00:00,3.92,4.27,3.2,3.22,6359011.0
2024-04-05 04:00:00,3.55,3.76,3.03,3.11,3429747.0
2024-04-08 04:00:00,3.51,3.99,3.43,3.57,2605427.0
2024-04-09 04:00:00,3.7,3.8601,3.625,3.8,921898.0
2024-04-10 04:00:00,3.76,3.85,3.6,3.7,905527.0
2024-04-11 04:00:00,3.68,3.73,3.49,3.72,762727.0
2024-04-12 04:00:00,3.69,3.691,3.38,3.43,1201563.0
2024-04-15 04:00:00,3.45,3.45,3.145,3.21,1191020.0
2024-04-16 04:00:00,3.15,3.2,3.04,3.04,709812.0
2024-04-17 04:00:00,3.08,3.0887,2.91,2.91,739456.0
2024-04-18 04:00:00,2.92,3.02,2.83,2.94,881837.0
2024-04-19 04:00:00,2.94,2.95,2.75,2.77,829261.0
2024-04-22 04:00:00,2.83,2.92,2.77,2.84,504721.0
2024-04-23 04:00:00,2.85,2.9996,2.85,2.92,375946.0
2024-04-24 04:00:00,2.99,3.02,2.97,3.01,320936.0
2024-04-25 04:00:00,2.93,2.99,2.885,2.9,350534.0
2024-04-26 04:00:00,2.9,3.06,2.88,2.97,507779.0
2024-04-29 04:00:00,3.05,3.17,3.02,3.03,588635.0
2024-04-30 04:00:00,2.99,3.1,2.98,3.0,347881.0
2024-05-01 04:00:00,2.97,3.045,2.88,2.89,381663.0
2024-05-02 04:00:00,2.91,3.06,2.91,3.03,616848.0
2024-05-03 04:00:00,3.48,4.23,3.31,3.66,13601544.0
2024-05-06 04:00:00,3.68,4.05,3.68,3.93,1485792.0
2024-05-07 04:00:00,3.93,4.0,3.79,3.86,678352.0
2024-05-08 04:00:00,3.81,3.815,3.67,3.78,443376.0
2024-05-09 04:00:00,3.78,3.79,3.56,3.57,409478.0
2024-05-10 04:00:00,3.57,3.69,3.51,3.61,404700.0
2024-05-13 04:00:00,3.65,3.72,3.595,3.61,261662.0
2024-05-14 04:00:00,3.64,3.7,3.39,3.39,458846.0
2024-05-15 04:00:00,3.48,3.55,3.3382,3.54,240413.0
2024-05-16 04:00:00,3.54,3.54,3.425,3.43,190488.0
2024-05-17 04:00:00,3.41,3.47,3.28,3.28,239663.0
2024-05-20 04:00:00,3.3,3.3999,3.16,3.33,365462.0
2024-05-21 04:00:00,3.33,3.33,3.23,3.25,287184.0
2024-05-22 04:00:00,3.23,3.29,3.18,3.25,311449.0
2024-05-23 04:00:00,3.34,3.478,3.23,3.23,489646.0
2024-05-24 04:00:00,3.25,3.475,3.25,3.46,320040.0
2024-05-28 04:00:00,3.55,3.8,3.46,3.71,835609.0
2024-05-29 04:00:00,3.66,4.0,3.65,3.71,606469.0
2024-05-30 04:00:00,3.76,3.81,3.575,3.75,528460.0
2024-05-31 04:00:00,3.76,3.82,3.64,3.81,390081.0
2024-06-03 04:00:00,3.85,3.86,3.48,3.55,532206.0
2024-06-04 04:00:00,3.51,3.53,3.31,3.32,481287.0
2024-06-05 04:00:00,3.36,3.55,3.36,3.53,194292.0
2024-06-06 04:00:00,3.52,3.61,3.5,3.6,153565.0
2024-06-07 04:00:00,3.56,3.64,3.5,3.56,135023.0
2024-06-10 04:00:00,3.6,3.93,3.6,3.75,507514.0
2024-06-11 04:00:00,3.74,3.74,3.59,3.62,186810.0
2024-06-12 04:00:00,3.71,3.87,3.63,3.65,325087.0
2024-06-13 04:00:00,3.61,3.685,3.54,3.65,176088.0
2024-06-14 04:00:00,3.59,3.64,3.57,3.63,155691.0
2024-06-17 04:00:00,3.59,3.71,3.56,3.7,167796.0
2024-06-18 04:00:00,3.69,3.83,3.6,3.77,356089.0
2024-06-20 04:00:00,3.76,3.97,3.64,3.69,321977.0
2024-06-21 04:00:00,3.71,3.71,3.525,3.6,397064.0
2024-06-24 04:00:00,3.6,3.75,3.6,3.73,341192.0
2024-06-25 04:00:00,3.74,3.84,3.675,3.74,154589.0
2024-06-26 04:00:00,3.72,3.765,3.61,3.64,182586.0
2024-06-27 04:00:00,3.61,3.67,3.525,3.53,180406.0
2024-06-28 04:00:00,3.57,3.61,3.36,3.38,348141.0
2024-07-01 04:00:00,3.38,3.49,3.29,3.45,191878.0
2024-07-02 04:00:00,3.44,3.53,3.33,3.36,160110.0
2024-07-03 04:00:00,3.36,3.45,3.35,3.44,100325.0
2024-07-05 04:00:00,3.44,3.44,3.28,3.29,240273.0
2024-07-08 04:00:00,3.33,3.48,3.31,3.47,158045.0
2024-07-09 04:00:00,3.47,3.5,3.37,3.43,123837.0
2024-07-10 04:00:00,3.43,3.55,3.36,3.47,217919.0
2024-07-11 04:00:00,3.53,3.68,3.505,3.55,228095.0
2024-07-12 04:00:00,3.59,3.78,3.54,3.75,250505.0
2024-07-15 04:00:00,3.79,3.88,3.71,3.74,398478.0
2024-07-16 04:00:00,3.76,4.03,3.75,3.93,321133.0
2024-07-17 04:00:00,3.88,3.99,3.7,3.7,268863.0
2024-07-18 04:00:00,3.7,3.76,3.45,3.5,421393.0
2024-07-19 04:00:00,3.47,3.485,3.34,3.35,177232.0
2024-07-22 04:00:00,3.39,3.49,3.335,3.42,241035.0
2024-07-23 04:00:00,3.39,3.7,3.39,3.64,358555.0
2024-07-24 04:00:00,3.59,3.6301,3.45,3.46,186735.0
2024-07-25 04:00:00,3.51,3.5286,3.2673,3.29,337096.0
2024-07-26 04:00:00,3.38,3.38,3.21,3.25,292216.0
2024-07-29 04:00:00,3.26,3.71,3.26,3.56,456019.0
2024-07-30 04:00:00,3.57,3.62,3.385,3.45,326374.0
2024-07-31 04:00:00,3.45,3.77,3.38,3.64,324091.0
2024-08-01 04:00:00,3.41,3.54,3.25,3.29,664932.0
2024-08-02 04:00:00,3.05,3.16,2.68,2.68,1025048.0
2024-08-05 04:00:00,2.48,2.53,2.345,2.37,606429.0
2024-08-06 04:00:00,2.37,2.52,2.3601,2.43,291940.0
2024-08-07 04:00:00,2.5,2.57,2.32,2.32,297734.0
2024-08-08 04:00:00,2.38,2.585,2.34,2.49,229724.0
2024-08-09 04:00:00,2.48,2.52,2.4,2.43,182536.0
2024-08-12 04:00:00,2.39,2.47,2.3,2.37,281026.0
2024-08-13 04:00:00,2.43,2.46,2.32,2.39,299183.0
2024-08-14 04:00:00,2.43,2.44,2.33,2.41,250559.0
2024-08-15 04:00:00,2.52,2.69,2.4901,2.67,332267.0
2024-08-16 04:00:00,2.53,2.99,2.52,2.87,769038.0
2024-08-19 04:00:00,2.9,2.92,2.7617,2.83,132914.0
2024-08-20 04:00:00,2.85,2.8894,2.73,2.785,148519.0
2024-08-21 04:00:00,2.8,2.87,2.79,2.84,151927.0
2024-08-22 04:00:00,2.84,2.89,2.765,2.79,177765.0
2024-08-23 04:00:00,2.81,2.96,2.8,2.94,168868.0
2024-08-26 04:00:00,2.95,2.95,2.68,2.77,223493.0
2024-08-27 04:00:00,2.74,2.76,2.64,2.64,147381.0
2024-08-28 04:00:00,2.62,2.74,2.58,2.64,187460.0
2024-08-29 04:00:00,2.64,2.77,2.64,2.67,88356.0
2024-08-30 04:00:00,2.7,2.71,2.62,2.65,72997.0
2024-09-03 04:00:00,2.61,2.6201,2.45,2.45,177792.0
2024-09-04 04:00:00,2.46,2.49,2.405,2.46,143758.0
2024-09-05 04:00:00,2.46,2.47,2.33,2.37,187626.0
2024-09-06 04:00:00,2.38,2.4,2.26,2.32,216361.0
2024-09-09 04:00:00,2.37,2.37,2.25,2.28,141664.0
2024-09-10 04:00:00,2.28,2.3,2.2,2.28,170395.0
2024-09-11 04:00:00,2.32,2.36,2.23,2.36,127287.0
2024-09-12 04:00:00,2.38,2.4299,2.29,2.29,107622.0
2024-09-13 04:00:00,2.34,2.42,2.32,2.35,220794.0
2024-09-16 04:00:00,2.33,2.37,2.28,2.32,164350.0
2024-09-17 04:00:00,2.35,2.3598,2.21,2.22,319148.0
2024-09-18 04:00:00,2.21,2.2359,2.11,2.11,429374.0
2024-09-19 04:00:00,2.2,2.26,2.14,2.18,336686.0
2024-09-20 04:00:00,2.18,2.205,2.08,2.1,311604.0
2024-09-23 04:00:00,2.09,2.22,2.0,2.0,545452.0
2024-09-24 04:00:00,2.04,2.15,2.04,2.08,479221.0
2024-09-25 04:00:00,2.07,2.1,2.02,2.04,353112.0
2024-09-26 04:00:00,2.13,2.49,2.08,2.46,637396.0
2024-09-27 04:00:00,2.49,2.58,2.37,2.55,253375.0
2024-09-30 04:00:00,2.53,2.56,2.36,2.42,268166.0
2024-10-01 04:00:00,2.42,2.435,2.2804,2.34,238807.0
2024-10-02 04:00:00,2.34,2.45,2.295,2.35,150601.0
2024-10-03 04:00:00,2.34,2.47,2.34,2.43,151289.0
2024-10-04 04:00:00,2.56,2.7,2.4518,2.53,314439.0
2024-10-07 04:00:00,2.54,2.58,2.42,2.48,328665.0
2024-10-08 04:00:00,2.47,2.62,2.38,2.52,688895.0
2024-10-09 04:00:00,2.52,2.5212,2.44,2.5,177538.0
2024-10-10 04:00:00,2.44,2.67,2.42,2.66,955283.0
2024-10-11 04:00:00,2.65,2.72,2.54,2.58,305862.0
2024-10-14 04:00:00,2.61,2.64,2.47,2.5,170843.0
2024-10-15 04:00:00,2.48,2.5283,2.34,2.39,226637.0
2024-10-16 04:00:00,2.43,2.685,2.41,2.62,315700.0
2024-10-17 04:00:00,2.64,2.6783,2.5,2.61,189065.0
2024-10-18 04:00:00,2.62,2.72,2.59,2.61,170807.0
2024-10-21 04:00:00,2.59,2.605,2.495,2.52,103461.0
2024-10-22 04:00:00,2.51,2.6,2.445,2.6,336822.0
2024-10-23 04:00:00,2.57,2.6,2.48,2.57,282544.0
2024-10-24 04:00:00,2.58,2.644,2.54,2.61,106337.0
2024-10-25 04:00:00,2.65,2.725,2.6201,2.72,159132.0
2024-10-28 04:00:00,2.74,2.9,2.7063,2.75,284609.0
2024-10-29 04:00:00,2.72,2.9589,2.7147,2.91,447980.0
2024-10-30 04:00:00,2.92,3.071,2.74,2.76,590814.0
2024-10-31 04:00:00,2.71,2.75,2.48,2.575,462405.0
2024-11-01 04:00:00,2.42,2.5621,2.08,2.11,1412901.0
2024-11-04 05:00:00,2.16,2.17,1.98,2.01,702071.0
2024-11-05 05:00:00,2.05,2.11,2.0122,2.1,318042.0
2024-11-06 05:00:00,2.14,2.195,2.1,2.11,507003.0
2024-11-07 05:00:00,2.228,2.228,2.08,2.11,245347.0
2024-11-08 05:00:00,2.11,2.1245,2.0001,2.05,364320.0
2024-11-11 05:00:00,2.03,2.08,2.005,2.05,262002.0
2024-11-12 05:00:00,2.03,2.05,1.95,2.0,344621.0
2024-11-13 05:00:00,1.98,2.04,1.94,1.96,361828.0
2024-11-14 05:00:00,1.95,1.97,1.86,1.91,491881.0
2024-11-15 05:00:00,1.92,1.925,1.815,1.84,424171.0
2024-11-18 05:00:00,1.85,1.88,1.73,1.73,560549.0
2024-11-19 05:00:00,1.73,1.85,1.73,1.84,719862.0
2024-11-20 05:00:00,1.85,1.85,1.79,1.83,164957.0
2024-11-21 05:00:00,1.82,1.93,1.79,1.91,290941.0
2024-11-22 05:00:00,1.91,1.98,1.84,1.97,295666.0
2024-11-25 05:00:00,2.0,2.14,2.0,2.06,349853.0
2024-11-26 05:00:00,2.09,2.09,2.0,2.02,293629.0
2024-11-27 05:00:00,2.01,2.1,1.97,2.04,294913.0
2024-11-29 05:00:00,2.08,2.16,2.0507,2.14,202330.0
2024-12-02 05:00:00,2.18,2.215,2.1,2.21,327494.0
2024-12-03 05:00:00,2.18,2.202,1.925,1.96,1666963.0
2024-12-04 05:00:00,2.02,2.23,1.96,2.16,623244.0
2024-12-05 05:00:00,2.18,2.18,2.03,2.05,261045.0
2024-12-06 05:00:00,2.07,2.19,2.05,2.19,285533.0
2024-12-09 05:00:00,2.27,2.44,2.26,2.3,503966.0
2024-12-10 05:00:00,2.33,2.33,2.165,2.17,311827.0
2024-12-11 05:00:00,2.2,2.24,2.139,2.23,258773.0
2024-12-12 05:00:00,2.21,2.3,2.21,2.22,261050.0
2024-12-13 05:00:00,2.25,2.319,2.21,2.31,194384.0
2024-12-16 05:00:00,2.28,2.28,2.16,2.23,179979.0
2024-12-17 05:00:00,2.21,2.3086,2.21,2.28,185610.0
2024-12-18 05:00:00,2.28,2.375,2.17,2.18,515571.0
2024-12-19 05:00:00,2.19,2.1901,2.07,2.12,231501.0
2024-12-20 05:00:00,2.07,2.245,2.065,2.18,237831.0
2024-12-23 05:00:00,2.21,2.31,2.2,2.31,325273.0
2024-12-24 05:00:00,2.31,2.345,2.24,2.27,314642.0
2024-12-26 05:00:00,2.26,2.31,2.23,2.28,367307.0
2024-12-27 05:00:00,2.27,2.295,2.17,2.28,287313.0
2024-12-30 05:00:00,2.23,2.24,2.175,2.2,274929.0
2024-12-31 05:00:00,2.19,2.2489,2.09,2.17,431038.0
2025-01-02 05:00:00,2.22,2.241,2.125,2.19,124537.0
2025-01-03 05:00:00,2.23,2.29,2.19,2.27,201266.0
2025-01-06 05:00:00,2.29,2.42,2.2,2.25,381765.0
2025-01-07 05:00:00,2.3,2.3,2.21,2.25,184060.0
2025-01-08 05:00:00,2.23,2.2327,2.1,2.15,268254.0
2025-01-10 05:00:00,2.11,2.135,2.06,2.13,138002.0
2025-01-13 05:00:00,2.1,2.15,1.99,2.01,361648.0
2025-01-14 05:00:00,2.01,2.07,1.995,2.04,170316.0
2025-01-15 05:00:00,2.07,2.27,2.07,2.25,386225.0
2025-01-16 05:00:00,2.27,2.275,2.15,2.16,232171.0
2025-01-17 05:00:00,2.19,2.27,2.13,2.26,211235.0
2025-01-21 05:00:00,2.29,2.44,2.209,2.44,414492.0
2025-01-22 05:00:00,2.46,2.46,2.2217,2.28,366426.0
2025-01-23 05:00:00,2.26,2.34,2.2405,2.3,163134.0
2025-01-24 05:00:00,2.29,2.35,2.25,2.3,226626.0
2025-01-27 05:00:00,2.23,2.27,2.09,2.16,304968.0
2025-01-28 05:00:00,2.16,2.17,2.06,2.16,179567.0
2025-01-29 05:00:00,2.16,2.16,2.08,2.08,112064.0
2025-01-30 05:00:00,2.11,2.16,2.045,2.08,301462.0
2025-01-31 05:00:00,2.1,2.18,2.07,2.09,203794.0
2025-02-03 05:00:00,1.99,2.09,1.96,2.07,213151.0
2025-02-04 05:00:00,2.09,2.2,2.085,2.13,331289.0
2025-02-05 05:00:00,2.12,2.12,2.05,2.06,421616.0
2025-02-06 05:00:00,2.08,2.19,2.08,2.18,330790.0
2025-02-07 05:00:00,2.18,2.185,2.0703,2.1,174579.0
2025-02-10 05:00:00,2.11,2.124,1.995,2.01,254802.0
2025-02-11 05:00:00,2.01,2.02,1.94,1.95,362119.0
2025-02-12 05:00:00,1.96,2.1,1.9201,2.05,245206.0
2025-02-13 05:00:00,2.05,2.13,2.02,2.12,193171.0
2025-02-14 05:00:00,2.13,2.255,2.13,2.23,320687.0
2025-02-18 05:00:00,2.27,2.359,2.21,2.23,831908.0
2025-02-19 05:00:00,2.23,2.62,2.22,2.295,1469986.0
2025-02-20 05:00:00,2.37,2.5,2.16,2.29,1743579.0
2025-02-21 05:00:00,1.95,1.95,1.56,1.58,6660886.0
2025-02-24 05:00:00,1.6,1.645,1.33,1.34,3159196.0
2025-02-25 05:00:00,1.34,1.44,1.3,1.31,1229684.0
2025-02-26 05:00:00,1.31,1.375,1.29,1.32,1067352.0
2025-02-27 05:00:00,1.42,1.7,1.38,1.65,4008029.0
2025-02-28 05:00:00,1.58,1.63,1.48005,1.6,1129648.0
2025-03-03 05:00:00,1.6,1.6499,1.5,1.55,736622.0
2025-03-04 05:00:00,1.53,1.59,1.455,1.55,597206.0
2025-03-05 05:00:00,1.54,1.58,1.505,1.56,559050.0
2025-03-06 05:00:00,1.52,1.615,1.51,1.55,460949.0
2025-03-07 05:00:00,1.55,1.655,1.51,1.62,625836.0
2025-03-10 04:00:00,1.6,1.645,1.51,1.55,605167.0
2025-03-11 04:00:00,1.52,1.66,1.52,1.62,385746.0
2025-03-12 04:00:00,1.63,1.64,1.574,1.6,351702.0
2025-03-13 04:00:00,1.62,1.725,1.56,1.6,618817.0
2025-03-14 04:00:00,1.64,1.81,1.625,1.8,457472.0
2025-03-17 04:00:00,1.79,1.8984,1.77,1.84,861208.0
2025-03-18 04:00:00,1.8,1.82,1.7,1.73,347308.0
2025-03-19 04:00:00,1.71,1.7792,1.7,1.75,151697.0
2025-03-20 04:00:00,1.72,1.795,1.7099,1.72,260476.0
2025-03-21 04:00:00,1.69,1.7,1.645,1.68,186314.0
2025-03-24 04:00:00,1.73,1.83,1.7102,1.77,339024.0
2025-03-25 04:00:00,1.78,1.81,1.71,1.72,158242.0
2025-03-26 04:00:00,1.71,1.72,1.58,1.59,467902.0
2025-03-27 04:00:00,1.59,1.59,1.52,1.55,330932.0
2025-03-28 04:00:00,1.52,1.56,1.45,1.48,478657.0
2025-03-31 04:00:00,1.46,1.48,1.32,1.41,966734.0
2025-04-01 04:00:00,1.39,1.55,1.39,1.54,575322.0
2025-04-02 04:00:00,1.51,1.545,1.46,1.53,273544.0
2025-04-03 04:00:00,1.41,1.47,1.37,1.39,383279.0
2025-04-04 04:00:00,1.33,1.33,1.18,1.24,666196.0
2025-04-07 04:00:00,1.15,1.39,1.13,1.35,391090.0
2025-04-08 04:00:00,1.41,1.48,1.26,1.32,694751.0
2025-04-09 04:00:00,1.3,1.34,1.1843,1.26,509533.0
2025-04-10 04:00:00,1.2,1.27,1.1616,1.21,284539.0
2025-04-11 04:00:00,1.21,1.22,1.15,1.16,229859.0
2025-04-14 04:00:00,1.19,1.27,1.13,1.16,361389.0
2025-04-15 04:00:00,1.16,1.258,1.15,1.17,327216.0
2025-04-16 04:00:00,1.17,1.215,1.14,1.17,297821.0
2025-04-17 04:00:00,1.18,1.22,1.15,1.19,257364.0
2025-04-21 04:00:00,1.19,1.215,1.14,1.19,263166.0
2025-04-22 04:00:00,1.2,1.33,1.2,1.32,321747.0
2025-04-23 04:00:00,1.35,1.385,1.29,1.32,232213.0
2025-04-24 04:00:00,1.33,1.4,1.325,1.38,115334.0
2025-04-25 04:00:00,1.38,1.45,1.354,1.42,235757.0
2025-04-28 04:00:00,1.45,1.57,1.36,1.41,207282.0
2025-04-29 04:00:00,1.42,1.44,1.34,1.35,169794.0
2025-04-30 04:00:00,1.33,1.41,1.26,1.4,179406.0
2025-05-01 04:00:00,1.41,1.45,1.34,1.35,184957.0
2025-05-02 04:00:00,1.3,1.4107,1.26,1.39,351413.0
2025-05-05 04:00:00,1.39,1.39,1.32,1.32,192470.0
2025-05-06 04:00:00,1.29,1.37,1.25,1.25,305391.0
2025-05-07 04:00:00,1.28,1.3,1.23,1.28,190121.0
2025-05-08 04:00:00,1.28,1.38,1.28,1.31,297129.0
2025-05-09 04:00:00,1.31,1.345,1.24,1.25,348028.0
2025-05-12 04:00:00,1.32,1.55,1.32,1.53,579833.0
2025-05-13 04:00:00,1.54,1.55,1.44,1.47,352183.0
2025-05-14 04:00:00,1.49,1.52,1.425,1.44,193323.0
2025-05-15 04:00:00,1.5,1.51,1.42,1.45,132979.0
2025-05-16 04:00:00,1.44,1.5,1.44,1.49,129719.0
2025-05-19 04:00:00,1.47,1.47,1.405,1.44,168884.0
