date,open,high,low,close,volume
2015-05-26 04:00:00,10.8,10.91,10.5,10.81,234386.0
2015-05-27 04:00:00,10.68,10.85,10.37,10.63,271400.0
2015-05-28 04:00:00,10.51,10.543,10.02,10.31,344879.0
2015-05-29 04:00:00,10.32,10.32,9.78,10.04,554743.0
2015-06-01 04:00:00,10.04,10.3699,10.016,10.2,235694.0
2015-06-02 04:00:00,10.34,10.42,10.17,10.28,302591.0
2015-06-03 04:00:00,10.25,10.29,9.905,9.95,336969.0
2015-06-04 04:00:00,9.86,9.9653,9.533,9.73,389932.0
2015-06-05 04:00:00,9.82,9.98,9.57,9.8,320218.0
2015-06-08 04:00:00,9.8,10.0899,9.36,9.42,421333.0
2015-06-09 04:00:00,9.52,9.65,9.21,9.42,282351.0
2015-06-10 04:00:00,9.55,9.67,9.25,9.29,304658.0
2015-06-11 04:00:00,9.22,9.29,8.72,9.07,574585.0
2015-06-12 04:00:00,8.99,9.14,8.68,8.71,380806.0
2015-06-15 04:00:00,8.7,9.16,8.43,9.13,426857.0
2015-06-16 04:00:00,9.07,9.64,9.01,9.56,407980.0
2015-06-17 04:00:00,9.99,9.99,9.59,9.81,366466.0
2015-06-18 04:00:00,9.89,9.894,9.391,9.47,324989.0
2015-06-19 04:00:00,9.37,9.66,9.1638,9.37,1703353.0
2015-06-22 04:00:00,9.44,9.71,9.12,9.49,318710.0
2015-06-23 04:00:00,9.52,9.73,9.29,9.68,167503.0
2015-06-24 04:00:00,9.7,10.05,9.67,10.01,383506.0
2015-06-25 04:00:00,10.06,10.1599,9.85,10.05,245855.0
2015-06-26 04:00:00,10.03,10.03,9.38,9.39,201485.0
2015-06-29 04:00:00,9.23,9.26,8.83,8.9,365399.0
2015-06-30 04:00:00,8.91,9.0059,8.43,8.57,472806.0
2015-07-01 04:00:00,8.52,8.5399,8.06,8.51,507636.0
2015-07-02 04:00:00,8.63,8.63,8.12,8.13,402210.0
2015-07-06 04:00:00,8.01,8.11,7.7,8.08,669188.0
2015-07-07 04:00:00,8.19,9.08,8.0,9.02,1767339.0
2015-07-08 04:00:00,9.05,10.0,8.71,8.79,1265380.0
2015-07-09 04:00:00,9.0,10.28,8.95,10.19,855555.0
2015-07-10 04:00:00,10.32,10.49,10.0,10.13,476235.0
2015-07-13 04:00:00,10.06,10.21,9.31,9.44,506422.0
2015-07-14 04:00:00,9.32,9.73,9.3,9.69,266867.0
2015-07-15 04:00:00,9.69,9.7299,9.11,9.44,392534.0
2015-07-16 04:00:00,9.4,9.4401,9.0,9.04,554331.0
2015-07-17 04:00:00,8.99,9.06,8.15,8.43,594405.0
2015-07-20 04:00:00,8.31,8.4,7.9,8.29,596064.0
2015-07-21 04:00:00,8.3,8.769,8.26,8.52,407295.0
2015-07-22 04:00:00,8.4,8.5,8.03,8.24,408462.0
2015-07-23 04:00:00,8.25,8.51,8.11,8.44,269641.0
2015-07-24 04:00:00,8.4,8.5794,8.21,8.36,269594.0
2015-07-27 04:00:00,8.13,8.7,8.0,8.65,317572.0
2015-07-28 04:00:00,8.59,9.24,8.56,9.13,535009.0
2015-07-29 04:00:00,8.71,9.19,8.36,9.07,323977.0
2015-07-30 04:00:00,9.0,9.0,8.31,8.49,373349.0
2015-07-31 04:00:00,8.34,8.4,7.78,7.81,653672.0
2015-08-03 04:00:00,7.61,7.7,6.12,6.37,1531784.0
2015-08-04 04:00:00,6.4,6.62,6.37,6.51,497052.0
2015-08-05 04:00:00,6.5,6.69,5.8,6.3,892893.0
2015-08-06 04:00:00,5.92,7.1,5.5601,7.08,841141.0
2015-08-07 04:00:00,7.0,8.38,6.997,7.9,634760.0
2015-08-10 04:00:00,7.98,8.06,7.46,7.73,481661.0
2015-08-11 04:00:00,7.61,8.1599,7.49,8.01,397270.0
2015-08-12 04:00:00,7.54,8.0,7.5301,7.7,403181.0
2015-08-13 04:00:00,7.59,7.6999,7.17,7.35,350141.0
2015-08-14 04:00:00,7.58,7.78,7.0,7.14,530890.0
2015-08-17 04:00:00,6.97,7.06,6.3725,6.6,569560.0
2015-08-18 04:00:00,6.34,6.46,5.6,5.85,853087.0
2015-08-19 04:00:00,5.84,5.96,5.45,5.46,337818.0
2015-08-20 04:00:00,5.35,5.7,4.97,5.12,763604.0
2015-08-21 04:00:00,4.96,5.16,4.7801,5.13,602320.0
2015-08-24 04:00:00,4.42,5.13,4.133,4.76,683715.0
2015-08-25 04:00:00,5.1,5.25,4.77,5.06,506768.0
2015-08-26 04:00:00,5.06,5.42,5.06,5.27,275722.0
2015-08-27 04:00:00,5.41,6.02,5.35,5.86,488483.0
2015-08-28 04:00:00,5.94,6.9,5.9,6.63,534819.0
2015-08-31 04:00:00,6.5,7.05,6.06,6.51,557044.0
2015-09-01 04:00:00,6.18,6.4,5.79,5.86,391822.0
2015-09-02 04:00:00,5.91,6.05,5.551,5.99,285457.0
2015-09-03 04:00:00,6.0,6.23,5.9,5.97,209021.0
2015-09-04 04:00:00,5.8,5.979,5.62,5.77,119077.0
2015-09-08 04:00:00,5.79,5.94,5.54,5.62,206298.0
2015-09-09 04:00:00,5.56,5.77,5.07,5.12,342628.0
2015-09-10 04:00:00,5.04,5.35,4.92,5.25,307143.0
2015-09-11 04:00:00,5.07,5.2199,4.95,5.03,244568.0
2015-09-14 04:00:00,4.98,5.0,4.6,4.7,355467.0
2015-09-15 04:00:00,4.63,4.75,4.43,4.53,415528.0
2015-09-16 04:00:00,4.45,5.1,4.45,4.91,438557.0
2015-09-17 04:00:00,5.01,5.45,5.0,5.14,729370.0
2015-09-18 04:00:00,4.9,5.19,4.76,5.09,164013.0
2015-09-21 04:00:00,5.23,5.4,5.15,5.22,251019.0
2015-09-22 04:00:00,5.12,5.4,4.57,4.71,505307.0
2015-09-23 04:00:00,4.83,5.0,4.5,4.57,229968.0
2015-09-24 04:00:00,4.47,4.5,4.2,4.37,316242.0
2015-09-25 04:00:00,4.4,4.5212,4.1678,4.27,241246.0
2015-09-28 04:00:00,4.23,4.28,3.88,3.97,278880.0
2015-09-29 04:00:00,3.97,4.2199,3.8,3.81,274012.0
2015-09-30 04:00:00,3.76,4.18,3.7,4.09,429658.0
2015-10-01 04:00:00,4.16,4.26,3.8,3.88,194941.0
2015-10-02 04:00:00,3.92,4.38,3.82,4.36,278515.0
2015-10-05 04:00:00,4.44,4.9999,4.37,4.82,401509.0
2015-10-06 04:00:00,4.82,5.25,4.739,5.17,267900.0
2015-10-07 04:00:00,5.35,6.12,5.24,5.37,556068.0
2015-10-08 04:00:00,5.25,5.45,4.8,5.28,419784.0
2015-10-09 04:00:00,5.4,5.55,5.1,5.19,192396.0
2015-10-12 04:00:00,5.25,5.25,4.61,4.7,272067.0
2015-10-13 04:00:00,4.55,4.91,4.55,4.58,244412.0
2015-10-14 04:00:00,4.49,4.78,4.25,4.65,405063.0
2015-10-15 04:00:00,4.61,4.9,4.47,4.85,228554.0
2015-10-16 04:00:00,5.07,5.39,4.7813,5.17,610710.0
2015-10-19 04:00:00,5.14,5.2,4.71,4.8,317138.0
2015-10-20 04:00:00,4.77,4.95,4.7,4.9,151595.0
2015-10-21 04:00:00,4.8,4.84,4.55,4.56,319242.0
2015-10-22 04:00:00,4.6,5.2,4.3,4.53,1077738.0
2015-10-23 04:00:00,4.5,4.58,4.0501,4.17,536940.0
2015-10-26 04:00:00,4.08,4.2,3.9,3.905,356277.0
2015-10-27 04:00:00,3.85,3.885,3.5,3.53,805734.0
2015-10-28 04:00:00,3.5,4.2,3.5,4.14,532944.0
2015-10-29 04:00:00,4.06,4.32,3.85,3.89,374361.0
2015-10-30 04:00:00,3.95,4.02,3.73,3.99,277892.0
2015-11-02 05:00:00,3.88,4.29,3.81,4.18,341278.0
2015-11-03 05:00:00,4.1,4.68,4.1,4.42,391499.0
2015-11-04 05:00:00,4.44,4.65,4.11,4.3,316142.0
2015-11-05 05:00:00,4.29,4.46,4.0,4.07,414392.0
2015-11-06 05:00:00,4.05,4.06,3.6501,3.84,541238.0
2015-11-09 05:00:00,3.89,3.89,3.58,3.76,412005.0
2015-11-10 05:00:00,3.76,3.991,3.63,3.67,541965.0
2015-11-11 05:00:00,3.69,3.765,3.47,3.47,628594.0
2015-11-12 05:00:00,3.39,3.79,3.26,3.32,542285.0
2015-11-13 05:00:00,3.44,3.59,3.28,3.49,466157.0
2015-11-16 05:00:00,3.52,3.93,3.48,3.86,599351.0
2015-11-17 05:00:00,3.77,3.9,3.48,3.62,325747.0
2015-11-18 05:00:00,3.61,3.8,3.48,3.56,459457.0
2015-11-19 05:00:00,3.58,3.67,3.45,3.48,269903.0
2015-11-20 05:00:00,3.47,3.529,3.09,3.19,684507.0
2015-11-23 05:00:00,3.2,3.35,3.1132,3.14,344818.0
2015-11-24 05:00:00,3.14,3.37,3.14,3.27,336005.0
2015-11-25 05:00:00,3.25,3.387,3.14,3.32,264417.0
2015-11-27 05:00:00,3.31,3.32,3.12,3.15,151540.0
2015-11-30 05:00:00,3.2,3.3,3.02,3.12,292653.0
2015-12-01 05:00:00,3.09,3.145,2.85,2.95,592634.0
2015-12-02 05:00:00,2.9,2.94,2.59,2.63,764582.0
2015-12-03 05:00:00,2.63,2.8,2.63,2.72,583307.0
2015-12-04 05:00:00,2.68,2.75,2.4,2.5,575676.0
2015-12-07 05:00:00,2.26,2.26,1.97,2.0,961769.0
2015-12-08 05:00:00,1.93,2.07,1.76,1.76,1012651.0
2015-12-09 05:00:00,1.75,2.23,1.75,1.84,1263821.0
2015-12-10 05:00:00,1.77,1.95,1.75,1.75,511047.0
2015-12-11 05:00:00,1.75,1.8,1.58,1.62,741708.0
2015-12-14 05:00:00,1.6,1.6,1.39,1.5,751316.0
2015-12-15 05:00:00,1.55,1.6195,1.36,1.36,901300.0
2015-12-16 05:00:00,1.39,1.54,1.36,1.44,574156.0
2015-12-17 05:00:00,1.45,1.5,1.15,1.22,1028417.0
2015-12-18 05:00:00,1.21,1.27,1.18,1.23,601515.0
2015-12-21 05:00:00,1.17,1.22,1.04,1.11,691319.0
2015-12-22 05:00:00,1.13,1.59,1.13,1.28,1366750.0
2015-12-23 05:00:00,1.35,1.61,1.32,1.57,1630691.0
2015-12-24 05:00:00,1.61,1.74,1.43,1.52,493126.0
2015-12-28 05:00:00,1.48,1.48,1.32,1.35,680380.0
2015-12-29 05:00:00,1.43,1.54,1.4,1.4,849394.0
2015-12-30 05:00:00,1.35,1.45,1.22,1.27,866810.0
2015-12-31 05:00:00,1.29,1.75,1.27,1.75,1295378.0
2016-01-04 05:00:00,1.69,1.96,1.62,1.78,887419.0
2016-01-05 05:00:00,1.78,1.8,1.66,1.68,461069.0
2016-01-06 05:00:00,1.62,1.62,1.5111,1.54,360073.0
2016-01-07 05:00:00,1.5,1.6,1.45,1.48,294142.0
2016-01-08 05:00:00,1.5,1.5599,1.45,1.47,362104.0
2016-01-11 05:00:00,1.45,1.5715,1.24,1.25,662902.0
2016-01-12 05:00:00,1.29,1.42,1.2,1.2,640987.0
2016-01-13 05:00:00,1.23,1.29,1.12,1.14,653444.0
2016-01-14 05:00:00,1.16,1.24,1.1401,1.21,531941.0
2016-01-15 05:00:00,1.15,1.2,1.15,1.16,377950.0
2016-01-19 05:00:00,1.17,1.1978,1.08,1.08,351043.0
2016-01-20 05:00:00,1.02,1.15,1.0,1.13,580133.0
2016-01-21 05:00:00,1.09,1.42,1.09,1.42,401222.0
2016-01-22 05:00:00,1.3,1.42,1.19,1.2,1013687.0
2016-01-25 05:00:00,1.16,1.3435,1.08,1.08,454653.0
2016-01-26 05:00:00,1.14,1.27,1.1,1.15,303646.0
2016-01-27 05:00:00,1.17,1.29,1.11,1.21,239451.0
2016-01-28 05:00:00,1.33,1.35,1.206,1.28,482570.0
2016-01-29 05:00:00,1.3,1.38,1.24,1.31,369547.0
2016-02-01 05:00:00,1.3,1.3,1.21,1.22,305355.0
2016-02-02 05:00:00,1.15,1.22,1.12,1.14,188089.0
2016-02-03 05:00:00,1.19,1.2599,1.11,1.23,265623.0
2016-02-04 05:00:00,1.24,1.37,1.1801,1.3,193006.0
2016-02-05 05:00:00,1.26,1.29,1.2,1.2,207814.0
2016-02-08 05:00:00,1.13,1.17,1.05,1.05,526909.0
2016-02-09 05:00:00,1.06,1.09,0.9131,0.94,380760.0
2016-02-10 05:00:00,0.94,1.04,0.91,0.9601,365183.0
2016-02-11 05:00:00,0.93,0.9838,0.9101,0.98,182253.0
2016-02-12 05:00:00,1.02,1.04,0.98,1.01,181823.0
2016-02-16 05:00:00,1.01,1.06,0.9501,1.04,421893.0
2016-02-17 05:00:00,1.03,1.095,0.9531,0.988,504979.0
2016-02-18 05:00:00,1.04,1.07,0.86,0.86,544443.0
2016-02-19 05:00:00,0.88,0.899,0.82,0.84,341630.0
2016-02-22 05:00:00,0.88,0.9063,0.71,0.8155,787147.0
2016-02-23 05:00:00,0.76,0.8063,0.75,0.77,249724.0
2016-02-24 05:00:00,0.75,0.75,0.65,0.72,310071.0
2016-02-25 05:00:00,0.78,0.78,0.63,0.6741,472359.0
2016-02-26 05:00:00,0.66,0.75,0.66,0.6801,509370.0
2016-02-29 05:00:00,0.7,0.7499,0.6703,0.68,321975.0
2016-03-01 05:00:00,0.72,0.735,0.65,0.6767,481101.0
2016-03-02 05:00:00,0.653,0.7,0.61,0.6301,525478.0
2016-03-03 05:00:00,0.6456,0.77,0.6201,0.71,1006762.0
2016-03-04 05:00:00,0.73,1.0,0.73,0.88,1789724.0
2016-03-07 05:00:00,1.18,1.47,1.06,1.39,2502714.0
2016-03-08 05:00:00,1.49,1.49,1.16,1.17,1630565.0
2016-03-09 05:00:00,1.3,1.32,1.16,1.22,1057629.0
2016-03-10 05:00:00,1.17,1.26,1.0,1.12,676007.0
2016-03-11 05:00:00,1.15,1.29,1.15,1.18,540752.0
2016-03-14 04:00:00,1.18,1.18,0.9442,1.09,1044227.0
2016-03-15 04:00:00,1.0,1.12,1.0,1.08,454020.0
2016-03-16 04:00:00,1.11,1.18,1.06,1.14,264683.0
2016-03-17 04:00:00,1.18,1.24,1.07,1.1,454949.0
2016-03-18 04:00:00,1.17,1.19,1.08,1.08,491442.0
2016-03-21 04:00:00,1.05,1.11,1.03,1.09,328207.0
2016-03-22 04:00:00,1.13,1.13,1.06,1.11,527236.0
2016-03-23 04:00:00,1.11,1.11,0.99,0.99,529325.0
2016-03-24 04:00:00,0.9796,1.02,0.95,0.992,189836.0
2016-03-28 04:00:00,1.01,1.07,0.87,0.89,373484.0
2016-03-29 04:00:00,0.8449,0.8701,0.8,0.82,328854.0
2016-03-30 04:00:00,0.81,0.95,0.81,0.91,411941.0
2016-03-31 04:00:00,0.878,0.99,0.85,0.98,1000702.0
2016-04-01 04:00:00,0.939,0.9701,0.85,0.85,372929.0
2016-04-04 04:00:00,0.85,0.933,0.85,0.88,265737.0
2016-04-05 04:00:00,0.8624,0.939,0.78,0.9191,361286.0
2016-04-06 04:00:00,0.93,1.04,0.93,0.9902,382694.0
2016-04-07 04:00:00,0.98,1.01,0.9,1.01,253941.0
2016-04-08 04:00:00,1.04,1.24,1.02,1.24,1437802.0
2016-04-11 04:00:00,1.25,1.59,1.25,1.395,1981315.0
2016-04-12 04:00:00,1.41,1.57,1.31,1.55,1025592.0
2016-04-13 04:00:00,1.5,1.55,1.3801,1.3999,905807.0
2016-04-14 04:00:00,1.42,1.45,1.15,1.25,1040092.0
2016-04-15 04:00:00,1.24,1.33,1.2,1.2,535909.0
2016-04-18 04:00:00,1.07,1.33,1.03,1.24,847187.0
2016-04-19 04:00:00,1.22,1.43,1.22,1.29,596921.0
2016-04-20 04:00:00,1.28,1.45,1.25,1.37,759859.0
2016-04-21 04:00:00,1.45,1.54,1.43,1.5,972217.0
2016-04-22 04:00:00,1.54,2.35,1.5354,2.17,3539096.0
2016-04-25 04:00:00,2.05,3.24,1.94,2.55,7844748.0
2016-04-26 04:00:00,2.95,2.99,2.66,2.91,2638782.0
2016-04-27 04:00:00,3.19,3.89,3.06,3.64,10115256.0
2016-04-28 04:00:00,3.58,3.58,2.9,3.0,3916246.0
2016-04-29 04:00:00,3.2,3.42,2.81,3.12,3416773.0
2016-05-02 04:00:00,2.9,2.97,2.56,2.67,1341464.0
2016-05-03 04:00:00,2.51,2.567,2.1,2.16,1485288.0
2016-05-04 04:00:00,2.27,2.7,2.26,2.45,2297269.0
2016-05-05 04:00:00,3.2,3.29,2.7,2.9,4683880.0
2016-05-06 04:00:00,2.72,2.96,2.65,2.75,1254441.0
2016-05-09 04:00:00,2.94,2.94,2.53,2.53,708624.0
2016-05-10 04:00:00,2.59,2.71,2.5401,2.59,467874.0
2016-05-11 04:00:00,2.59,2.81,2.36,2.62,804248.0
2016-05-12 04:00:00,2.67,2.88,2.5,2.56,581230.0
2016-05-13 04:00:00,2.51,2.66,2.464,2.51,474282.0
2016-05-16 04:00:00,2.6,2.89,2.6,2.66,1048308.0
2016-05-17 04:00:00,2.75,2.79,2.6,2.74,523122.0
2016-05-18 04:00:00,2.63,2.7499,2.53,2.53,608632.0
2016-05-19 04:00:00,2.57,2.5931,2.35,2.5,533448.0
2016-05-20 04:00:00,2.54,2.59,2.39,2.49,339008.0
2016-05-23 04:00:00,2.44,2.58,2.3,2.53,528079.0
2016-05-24 04:00:00,2.54,2.54,2.37,2.43,440077.0
2016-05-25 04:00:00,2.52,2.75,2.46,2.71,810644.0
2016-05-26 04:00:00,2.8,2.92,2.63,2.63,551637.0
2016-05-27 04:00:00,2.59,2.62,2.42,2.46,536797.0
2016-05-31 04:00:00,2.53,2.6035,2.4,2.41,458262.0
2016-06-01 04:00:00,2.41,2.46,2.3,2.43,390203.0
2016-06-02 04:00:00,2.37,2.455,2.31,2.4,345881.0
2016-06-03 04:00:00,2.39,2.47,2.26,2.32,554283.0
2016-06-06 04:00:00,2.35,2.43,2.3,2.37,547795.0
2016-06-07 04:00:00,2.36,2.4215,2.21,2.36,712735.0
2016-06-08 04:00:00,2.43,2.56,2.3,2.47,1618042.0
2016-06-09 04:00:00,2.41,2.4699,2.35,2.445,460152.0
2016-06-10 04:00:00,2.34,2.37,2.2,2.24,1041893.0
2016-06-13 04:00:00,2.22,2.32,2.14,2.22,396151.0
2016-06-14 04:00:00,2.13,2.2199,2.01,2.13,532962.0
2016-06-15 04:00:00,2.11,2.23,2.0201,2.15,303754.0
2016-06-16 04:00:00,2.08,2.1681,2.01,2.02,542355.0
2016-06-17 04:00:00,2.08,2.2,2.06,2.15,632444.0
2016-06-20 04:00:00,2.16,2.245,2.1,2.14,635000.0
2016-06-21 04:00:00,2.06,2.12,1.91,2.1,1188008.0
2016-06-22 04:00:00,2.1,2.1,1.94,1.97,1225063.0
2016-06-23 04:00:00,1.98,2.0,1.85,1.91,1352663.0
2016-06-24 04:00:00,1.68,1.87,1.65,1.82,1633714.0
2016-06-27 04:00:00,1.68,1.7434,1.55,1.65,735127.0
2016-06-28 04:00:00,1.7,1.86,1.7,1.78,591816.0
2016-06-29 04:00:00,1.78,1.86,1.72,1.77,401583.0
2016-06-30 04:00:00,1.76,1.79,1.62,1.62,807736.0
2016-07-01 04:00:00,1.69,1.8199,1.62,1.76,502341.0
2016-07-05 04:00:00,1.74,1.7438,1.6,1.62,424657.0
2016-07-06 04:00:00,1.7,1.8,1.55,1.69,592124.0
2016-07-07 04:00:00,1.77,1.85,1.65,1.65,458227.0
2016-07-08 04:00:00,1.66,1.77,1.66,1.7,469295.0
2016-07-11 04:00:00,1.7,1.74,1.65,1.66,281192.0
2016-07-12 04:00:00,1.7,1.93,1.6981,1.83,1037544.0
2016-07-13 04:00:00,1.82,1.87,1.73,1.73,526853.0
2016-07-14 04:00:00,1.74,1.82,1.73,1.77,316375.0
2016-07-15 04:00:00,1.8,1.81,1.73,1.75,417897.0
2016-07-18 04:00:00,1.73,1.8,1.68,1.77,355022.0
2016-07-19 04:00:00,1.77,1.795,1.72,1.72,291548.0
2016-07-20 04:00:00,1.69,1.75,1.57,1.74,575998.0
2016-07-21 04:00:00,1.74,1.77,1.6788,1.77,238492.0
2016-07-22 04:00:00,1.77,1.77,1.67,1.71,305977.0
2016-07-25 04:00:00,1.71,1.72,1.615,1.64,404597.0
2016-07-26 04:00:00,1.64,1.69,1.61,1.66,176644.0
2016-07-27 04:00:00,1.62,1.71,1.62,1.66,216537.0
2016-07-28 04:00:00,1.63,1.67,1.61,1.66,336371.0
2016-07-29 04:00:00,1.63,1.73,1.6201,1.73,632741.0
2016-08-01 04:00:00,1.68,1.76,1.65,1.67,620315.0
2016-08-02 04:00:00,1.7,1.73,1.62,1.68,728816.0
2016-08-03 04:00:00,1.7,1.93,1.65,1.77,1734389.0
2016-08-04 04:00:00,1.57,1.67,1.55,1.62,916329.0
2016-08-05 04:00:00,1.6,1.69,1.585,1.67,397975.0
2016-08-08 04:00:00,1.69,1.89,1.68,1.83,869741.0
2016-08-09 04:00:00,1.87,2.01,1.7,1.78,1036038.0
2016-08-10 04:00:00,1.84,1.84,1.66,1.68,414313.0
2016-08-11 04:00:00,1.69,1.76,1.6436,1.71,422710.0
2016-08-12 04:00:00,1.74,1.76,1.66,1.69,336972.0
2016-08-15 04:00:00,1.7,1.7175,1.6,1.63,784195.0
2016-08-16 04:00:00,1.61,1.68,1.6,1.65,295863.0
2016-08-17 04:00:00,1.66,1.66,1.53,1.6,952691.0
2016-08-18 04:00:00,1.62,1.72,1.618,1.68,502915.0
2016-08-19 04:00:00,1.67,1.72,1.64,1.66,264592.0
2016-08-22 04:00:00,1.58,1.644,1.58,1.6,523867.0
2016-08-23 04:00:00,1.58,1.6382,1.56,1.6,325876.0
2016-08-24 04:00:00,1.59,1.6299,1.52,1.55,439631.0
2016-08-25 04:00:00,1.53,1.54,1.43,1.49,321391.0
2016-08-26 04:00:00,1.5,1.54,1.46,1.49,320681.0
2016-08-29 04:00:00,1.48,1.48,1.4,1.42,523052.0
2016-08-30 04:00:00,1.41,1.45,1.38,1.38,286000.0
2016-08-31 04:00:00,1.36,1.3795,1.25,1.27,472085.0
2016-09-01 04:00:00,1.27,1.37,1.25,1.37,505964.0
2016-09-02 04:00:00,1.41,1.47,1.37,1.4,352583.0
2016-09-06 04:00:00,1.41,1.58,1.41,1.57,415474.0
2016-09-07 04:00:00,1.57,1.64,1.53,1.56,460872.0
2016-09-08 04:00:00,1.59,1.8,1.59,1.76,1177767.0
2016-09-09 04:00:00,1.74,1.79,1.66,1.66,434887.0
2016-09-12 04:00:00,1.65,1.76,1.63,1.7,448721.0
2016-09-13 04:00:00,1.68,1.69,1.6299,1.68,365298.0
2016-09-14 04:00:00,1.64,1.74,1.61,1.62,289093.0
2016-09-15 04:00:00,1.62,1.68,1.62,1.65,284478.0
2016-09-16 04:00:00,1.6,1.66,1.53,1.61,221296.0
2016-09-19 04:00:00,1.55,1.5999,1.38,1.43,855934.0
2016-09-20 04:00:00,1.38,1.46,1.38,1.4,362335.0
2016-09-21 04:00:00,1.45,1.5,1.4275,1.49,296387.0
2016-09-22 04:00:00,1.51,1.6299,1.44,1.45,392406.0
2016-09-23 04:00:00,1.45,1.46,1.35,1.395,319866.0
2016-09-26 04:00:00,1.4,1.4501,1.38,1.39,298108.0
2016-09-27 04:00:00,1.38,1.41,1.35,1.37,242168.0
2016-09-28 04:00:00,1.36,1.5,1.3157,1.44,600118.0
2016-09-29 04:00:00,1.55,1.55,1.45,1.49,387363.0
2016-09-30 04:00:00,1.49,1.51,1.34,1.35,611574.0
2016-10-03 04:00:00,1.38,1.4642,1.34,1.37,340081.0
2016-10-04 04:00:00,1.36,1.39,1.2837,1.3,443274.0
2016-10-05 04:00:00,1.33,1.39,1.31,1.32,362611.0
2016-10-06 04:00:00,1.35,1.4,1.32,1.34,201920.0
2016-10-07 04:00:00,1.32,1.34,1.3,1.32,227642.0
2016-10-10 04:00:00,1.32,1.43,1.3,1.38,430560.0
2016-10-11 04:00:00,1.36,1.4,1.36,1.39,168338.0
2016-10-12 04:00:00,1.38,1.38,1.32,1.35,162800.0
2016-10-13 04:00:00,1.35,1.35,1.32,1.33,170615.0
2016-10-14 04:00:00,1.33,1.34,1.29,1.31,216626.0
2016-10-17 04:00:00,1.3,1.305,1.13,1.21,618071.0
2016-10-18 04:00:00,1.28,1.28,1.1701,1.25,282127.0
2016-10-19 04:00:00,1.26,1.42,1.26,1.37,820460.0
2016-10-20 04:00:00,1.35,1.4097,1.31,1.36,297580.0
2016-10-21 04:00:00,1.37,1.3818,1.31,1.33,588407.0
2016-10-24 04:00:00,1.35,1.4005,1.31,1.34,480432.0
2016-10-25 04:00:00,1.35,1.38,1.3,1.36,283824.0
2016-10-26 04:00:00,1.63,1.95,1.53,1.73,9405677.0
2016-10-27 04:00:00,1.82,1.87,1.6714,1.74,1435392.0
2016-10-28 04:00:00,1.74,1.85,1.67,1.7,1064687.0
2016-10-31 04:00:00,1.69,1.72,1.54,1.6,858924.0
2016-11-01 04:00:00,1.64,1.66,1.53,1.58,677484.0
2016-11-02 04:00:00,1.56,1.71,1.54,1.6,635966.0
2016-11-03 04:00:00,1.56,1.68,1.47,1.5,875356.0
2016-11-04 04:00:00,1.49,1.57,1.48,1.5,248204.0
2016-11-07 05:00:00,1.52,1.58,1.5,1.54,295559.0
2016-11-08 05:00:00,1.51,1.64,1.5,1.55,269431.0
2016-11-09 05:00:00,1.53,1.69,1.53,1.62,430238.0
2016-11-10 05:00:00,1.6,1.74,1.6,1.73,514693.0
2016-11-11 05:00:00,1.71,1.75,1.645,1.69,441939.0
2016-11-14 05:00:00,1.66,1.75,1.63,1.74,431643.0
2016-11-15 05:00:00,1.77,1.89,1.76,1.8,540089.0
2016-11-16 05:00:00,1.8,1.87,1.79,1.85,227473.0
2016-11-17 05:00:00,1.87,2.2,1.87,1.93,1143339.0
2016-11-18 05:00:00,2.02,2.0399,1.85,1.9,280458.0
2016-11-21 05:00:00,1.95,2.08,1.9,1.92,532973.0
2016-11-22 05:00:00,1.93,1.95,1.82,1.91,361104.0
2016-11-23 05:00:00,1.91,2.03,1.8,1.96,447237.0
2016-11-25 05:00:00,1.87,1.98,1.81,1.81,313748.0
2016-11-28 05:00:00,1.81,1.9,1.68,1.7,776444.0
2016-11-29 05:00:00,1.67,1.76,1.61,1.7,316606.0
2016-11-30 05:00:00,1.86,2.02,1.81,1.925,916065.0
2016-12-01 05:00:00,2.0,2.4,1.96,2.22,2141422.0
2016-12-02 05:00:00,2.25,2.35,2.11,2.26,613089.0
2016-12-05 05:00:00,2.3,2.7399,2.3,2.56,1528549.0
2016-12-06 05:00:00,2.5,2.65,2.35,2.38,1002731.0
2016-12-07 05:00:00,2.35,2.5,2.23,2.3,689544.0
2016-12-08 05:00:00,2.31,2.42,2.25,2.3,525087.0
2016-12-09 05:00:00,2.35,2.4,2.27,2.36,358954.0
2016-12-12 05:00:00,2.58,2.68,2.36,2.36,947940.0
2016-12-13 05:00:00,2.37,2.47,2.25,2.33,430539.0
2016-12-14 05:00:00,2.3,2.36,2.22,2.28,477902.0
2016-12-15 05:00:00,2.25,2.4,2.2,2.36,350270.0
2016-12-16 05:00:00,2.4,2.42,2.3,2.31,221209.0
2016-12-19 05:00:00,2.31,2.38,2.29,2.32,210852.0
2016-12-20 05:00:00,2.33,2.4,2.28,2.33,275674.0
2016-12-21 05:00:00,2.34,2.4,2.2,2.2,447503.0
2016-12-22 05:00:00,2.17,2.24,2.08,2.12,589168.0
2016-12-23 05:00:00,2.14,2.16,2.05,2.14,329831.0
2016-12-27 05:00:00,2.11,2.28,2.1,2.18,464512.0
2016-12-28 05:00:00,2.16,2.24,2.08,2.11,514060.0
2016-12-29 05:00:00,2.1,2.15,2.0501,2.1,297122.0
2016-12-30 05:00:00,2.08,2.165,2.05,2.12,356151.0
2017-01-03 05:00:00,2.16,2.66,2.16,2.4,1406694.0
2017-01-04 05:00:00,2.42,2.51,2.305,2.46,507947.0
2017-01-05 05:00:00,2.48,2.59,2.4696,2.53,382502.0
2017-01-06 05:00:00,2.58,2.58,2.43,2.48,271992.0
2017-01-09 05:00:00,2.45,2.4568,2.34,2.4,222338.0
2017-01-10 05:00:00,2.36,2.44,2.31,2.33,243750.0
2017-01-11 05:00:00,2.34,2.42,2.34,2.38,194710.0
2017-01-12 05:00:00,2.41,2.42,2.2831,2.35,226631.0
2017-01-13 05:00:00,2.34,2.53,2.3201,2.49,373061.0
2017-01-17 05:00:00,2.53,2.58,2.44,2.49,580069.0
2017-01-18 05:00:00,2.47,2.515,2.41,2.44,163487.0
2017-01-19 05:00:00,2.43,2.49,2.362,2.44,161498.0
2017-01-20 05:00:00,2.47,2.55,2.4004,2.5,278760.0
2017-01-23 05:00:00,2.49,2.549,2.35,2.4,243177.0
2017-01-24 05:00:00,2.4,2.44,2.24,2.35,324646.0
2017-01-25 05:00:00,2.33,2.44,2.3134,2.37,248305.0
2017-01-26 05:00:00,2.42,2.77,2.4125,2.7,1658894.0
2017-01-27 05:00:00,2.71,2.71,2.51,2.57,408443.0
2017-01-30 05:00:00,2.59,2.6274,2.2423,2.42,556730.0
2017-01-31 05:00:00,2.38,2.4,2.33,2.35,313023.0
2017-02-01 05:00:00,2.39,2.4,2.3079,2.35,269939.0
2017-02-02 05:00:00,2.37,2.4,2.27,2.35,174700.0
2017-02-03 05:00:00,2.36,2.47,2.33,2.43,264374.0
2017-02-06 05:00:00,2.43,2.43,2.3,2.35,262726.0
2017-02-07 05:00:00,2.31,2.33,2.1727,2.24,460381.0
2017-02-08 05:00:00,2.21,2.21,2.07,2.09,533311.0
2017-02-09 05:00:00,2.15,2.33,2.15,2.26,323872.0
2017-02-10 05:00:00,2.27,2.43,2.27,2.34,321648.0
2017-02-13 05:00:00,2.33,2.38,2.23,2.27,243446.0
2017-02-14 05:00:00,2.3,2.3,2.18,2.28,230567.0
2017-02-15 05:00:00,2.27,2.3,2.21,2.25,188292.0
2017-02-16 05:00:00,2.24,2.2856,2.2,2.24,120697.0
2017-02-17 05:00:00,2.22,2.22,2.1,2.2,239634.0
2017-02-21 05:00:00,2.23,2.29,2.18,2.26,336706.0
2017-02-22 05:00:00,2.25,2.25,2.05,2.12,499111.0
2017-02-23 05:00:00,2.05,2.28,1.97,2.19,731432.0
2017-02-24 05:00:00,2.15,2.2,2.11,2.15,264520.0
2017-02-27 05:00:00,2.13,2.23,2.1102,2.16,196685.0
2017-02-28 05:00:00,2.16,2.29,2.16,2.26,658519.0
2017-03-01 05:00:00,2.29,2.36,2.22,2.25,271571.0
2017-03-02 05:00:00,2.2,2.37,2.15,2.31,574764.0
2017-03-03 05:00:00,2.31,2.48,2.31,2.41,470753.0
2017-03-06 05:00:00,2.35,2.3664,2.2842,2.32,218838.0
2017-03-07 05:00:00,2.3,2.35,2.27,2.27,253051.0
2017-03-08 05:00:00,2.28,2.29,2.1506,2.18,334673.0
2017-03-09 05:00:00,2.14,2.19,2.11,2.16,307924.0
2017-03-10 05:00:00,2.15,2.19,2.04,2.07,483421.0
2017-03-13 04:00:00,2.04,2.09,1.97,2.07,417766.0
2017-03-14 04:00:00,2.04,2.04,1.92,1.98,443943.0
2017-03-15 04:00:00,2.02,2.08,1.9,2.06,378182.0
2017-03-16 04:00:00,2.04,2.06,1.97,2.02,235593.0
2017-03-17 04:00:00,2.02,2.15,2.02,2.06,251496.0
2017-03-20 04:00:00,2.04,2.08,1.97,2.07,209518.0
2017-03-21 04:00:00,2.09,2.11,1.95,1.97,261242.0
2017-03-22 04:00:00,1.93,1.9399,1.76,1.87,484108.0
2017-03-23 04:00:00,1.83,1.937,1.83,1.87,173309.0
2017-03-24 04:00:00,1.86,2.01,1.86,1.94,212416.0
2017-03-27 04:00:00,1.9,1.92,1.85,1.9,223501.0
2017-03-28 04:00:00,1.89,1.98,1.88,1.94,218732.0
2017-03-29 04:00:00,1.92,2.12,1.92,2.11,275102.0
2017-03-30 04:00:00,2.15,2.15,2.075,2.11,289418.0
2017-03-31 04:00:00,2.1,2.34,2.1,2.29,679815.0
2017-04-03 04:00:00,2.31,2.41,2.24,2.39,520319.0
2017-04-04 04:00:00,2.36,2.4,2.26,2.29,289494.0
2017-04-05 04:00:00,2.33,2.42,2.245,2.26,271053.0
2017-04-06 04:00:00,2.27,2.36,2.25,2.29,123640.0
2017-04-07 04:00:00,2.31,2.36,2.28,2.32,106607.0
2017-04-10 04:00:00,2.34,2.3475,2.25,2.33,168331.0
2017-04-11 04:00:00,2.29,2.35,2.25,2.35,99562.0
2017-04-12 04:00:00,2.32,2.36,2.25,2.29,120390.0
2017-04-13 04:00:00,2.26,2.31,2.25,2.25,51279.0
2017-04-17 04:00:00,2.23,2.295,2.23,2.28,95425.0
2017-04-18 04:00:00,2.25,2.2899,2.24,2.26,203297.0
2017-04-19 04:00:00,2.25,2.2799,2.24,2.27,210242.0
2017-04-20 04:00:00,2.26,2.28,2.12,2.18,226179.0
2017-04-21 04:00:00,2.2,2.2003,2.041,2.14,224440.0
2017-04-24 04:00:00,2.11,2.12,2.04,2.07,180825.0
2017-04-25 04:00:00,2.05,2.18,2.05,2.16,151301.0
2017-04-26 04:00:00,2.11,2.1374,2.0601,2.13,160164.0
2017-04-27 04:00:00,2.08,2.1399,2.02,2.06,151141.0
2017-04-28 04:00:00,2.08,2.1,2.04,2.08,149937.0
2017-05-01 04:00:00,2.07,2.1,2.05,2.1,84452.0
2017-05-02 04:00:00,2.09,2.18,2.05,2.08,121894.0
2017-05-03 04:00:00,2.05,2.1,1.95,2.03,206674.0
2017-05-04 04:00:00,2.1,2.1,1.85,1.97,449223.0
2017-05-05 04:00:00,1.97,2.05,1.9,2.03,141888.0
2017-05-08 04:00:00,2.03,2.1,1.98,2.1,177138.0
2017-05-09 04:00:00,2.07,2.09,2.02,2.04,85693.0
2017-05-10 04:00:00,2.06,2.09,2.01,2.05,137943.0
2017-05-11 04:00:00,2.06,2.0771,2.03,2.06,106870.0
2017-05-12 04:00:00,2.05,2.06,2.0,2.05,107302.0
2017-05-15 04:00:00,2.1,2.1199,2.05,2.09,141700.0
2017-05-16 04:00:00,2.07,2.0873,2.04,2.04,53729.0
2017-05-17 04:00:00,2.03,2.07,2.01,2.04,89853.0
2017-05-18 04:00:00,2.04,2.09,2.01,2.09,72877.0
2017-05-19 04:00:00,2.11,2.14,2.04,2.12,177604.0
2017-05-22 04:00:00,2.15,2.18,2.08,2.18,165909.0
2017-05-23 04:00:00,2.17,2.17,2.08,2.11,70653.0
2017-05-24 04:00:00,2.11,2.18,2.0369,2.11,164485.0
2017-05-25 04:00:00,2.09,2.15,2.03,2.06,122384.0
2017-05-26 04:00:00,2.05,2.09,2.02,2.02,76870.0
2017-05-30 04:00:00,1.98,2.05,1.96,2.0,159213.0
2017-05-31 04:00:00,1.96,2.04,1.96,2.02,97298.0
2017-06-01 04:00:00,2.0,2.09,1.93,1.93,207934.0
2017-06-02 04:00:00,1.96,1.96,1.85,1.89,251736.0
2017-06-05 04:00:00,1.88,1.9005,1.82,1.85,115695.0
2017-06-06 04:00:00,1.83,1.93,1.82,1.89,188243.0
2017-06-07 04:00:00,1.89,1.93,1.7,1.7,228896.0
2017-06-08 04:00:00,1.65,1.69,1.51,1.54,719750.0
2017-06-09 04:00:00,1.5,1.52,1.46,1.47,430287.0
2017-06-12 04:00:00,1.47,1.55,1.47,1.49,301712.0
2017-06-13 04:00:00,1.49,1.64,1.49,1.5895,315393.0
2017-06-14 04:00:00,1.59,1.78,1.48,1.49,375253.0
2017-06-15 04:00:00,1.48,1.51,1.4,1.42,200285.0
2017-06-16 04:00:00,1.42,1.4699,1.37,1.41,187395.0
2017-06-19 04:00:00,1.42,1.4798,1.37,1.4,171014.0
2017-06-20 04:00:00,1.37,1.4,1.31,1.37,301599.0
2017-06-21 04:00:00,1.33,1.38,1.26,1.28,296218.0
2017-06-22 04:00:00,1.29,1.36,1.29,1.32,160857.0
2017-06-23 04:00:00,1.32,1.39,1.32,1.34,221416.0
2017-06-26 04:00:00,1.34,1.47,1.33,1.45,283550.0
2017-06-27 04:00:00,1.47,1.4892,1.38,1.41,163227.0
2017-06-28 04:00:00,1.4,1.45,1.36,1.42,93272.0
2017-06-29 04:00:00,1.45,1.5299,1.4,1.48,183224.0
2017-06-30 04:00:00,1.5,1.5,1.43,1.46,89051.0
2017-07-03 04:00:00,1.45,1.5,1.44,1.47,65235.0
2017-07-05 04:00:00,1.44,1.5,1.42,1.47,119736.0
2017-07-06 04:00:00,1.46,1.479,1.38,1.38,70406.0
2017-07-07 04:00:00,1.34,1.3906,1.29,1.34,167048.0
2017-07-10 04:00:00,1.33,1.33,1.28,1.28,154831.0
2017-07-11 04:00:00,1.27,1.32,1.25,1.3,156504.0
2017-07-12 04:00:00,1.3,1.33,1.24,1.27,200029.0
2017-07-13 04:00:00,1.28,1.3,1.2401,1.29,187392.0
2017-07-14 04:00:00,1.29,1.32,1.23,1.23,138640.0
2017-07-17 04:00:00,1.27,1.3,1.23,1.25,374068.0
2017-07-18 04:00:00,1.25,1.3,1.2,1.24,155277.0
2017-07-19 04:00:00,1.23,1.28,1.23,1.25,109526.0
2017-07-20 04:00:00,1.27,1.27,1.22,1.23,113403.0
2017-07-21 04:00:00,1.22,1.26,1.22,1.25,64879.0
2017-07-24 04:00:00,1.24,1.28,1.23,1.23,119794.0
2017-07-25 04:00:00,1.25,1.32,1.25,1.3,230935.0
2017-07-26 04:00:00,1.33,1.33,1.29,1.33,127010.0
2017-07-27 04:00:00,1.35,1.35,1.27,1.29,60736.0
2017-07-28 04:00:00,1.28,1.33,1.27,1.32,158659.0
2017-07-31 04:00:00,1.31,1.31,1.27,1.28,78487.0
2017-08-01 04:00:00,1.28,1.31,1.25,1.31,127512.0
2017-08-02 04:00:00,1.3,1.31,1.26,1.28,110839.0
2017-08-03 04:00:00,1.36,1.49,1.36,1.4,707676.0
2017-08-04 04:00:00,1.42,1.51,1.4,1.45,210967.0
2017-08-07 04:00:00,1.46,1.479,1.36,1.46,193073.0
2017-08-08 04:00:00,1.46,1.47,1.354,1.45,224097.0
2017-08-09 04:00:00,1.44,1.461,1.35,1.39,57730.0
2017-08-10 04:00:00,1.39,1.45,1.35,1.38,77538.0
2017-08-11 04:00:00,1.37,1.385,1.3,1.3,82143.0
2017-08-14 04:00:00,1.31,1.3576,1.27,1.34,117951.0
2017-08-15 04:00:00,1.32,1.34,1.23,1.25,185836.0
2017-08-16 04:00:00,1.26,1.28,1.22,1.26,101659.0
2017-08-17 04:00:00,1.24,1.2557,1.18,1.2146,197141.0
2017-08-18 04:00:00,1.21,1.24,1.16,1.22,119424.0
2017-08-21 04:00:00,1.2,1.2144,1.09,1.09,309488.0
2017-08-22 04:00:00,1.09,1.16,1.0821,1.149,169148.0
2017-08-23 04:00:00,1.13,1.23,1.1176,1.19,131098.0
2017-08-24 04:00:00,1.19,1.23,1.141,1.22,197234.0
2017-08-25 04:00:00,1.21,1.2438,1.15,1.2,139395.0
2017-08-28 04:00:00,1.19,1.2,1.12,1.14,101941.0
2017-08-29 04:00:00,1.1,1.19,1.1,1.15,109129.0
2017-08-30 04:00:00,1.14,1.2,1.11,1.16,50784.0
2017-08-31 04:00:00,1.18,1.24,1.17,1.23,98122.0
2017-09-01 04:00:00,1.22,1.28,1.171,1.22,106618.0
2017-09-05 04:00:00,1.21,1.27,1.2,1.24,122022.0
2017-09-06 04:00:00,1.27,1.2989,1.24,1.26,112579.0
2017-09-07 04:00:00,1.24,1.2617,1.23,1.24,39527.0
2017-09-08 04:00:00,1.23,1.24,1.16,1.209,93444.0
2017-09-11 04:00:00,1.19,1.2,1.14,1.17,72463.0
2017-09-12 04:00:00,1.16,1.24,1.14,1.21,80576.0
2017-09-13 04:00:00,1.2,1.29,1.1533,1.27,178782.0
2017-09-14 04:00:00,1.25,1.37,1.25,1.29,183134.0
2017-09-15 04:00:00,1.28,1.29,1.2,1.23,77674.0
2017-09-18 04:00:00,1.21,1.3,1.21,1.3,180056.0
2017-09-19 04:00:00,1.3,1.32,1.27,1.305,160354.0
2017-09-20 04:00:00,1.29,1.38,1.28,1.34,155396.0
2017-09-21 04:00:00,1.32,1.34,1.3,1.32,43275.0
2017-09-22 04:00:00,1.3,1.39,1.3,1.36,200819.0
2017-09-25 04:00:00,1.39,1.47,1.35,1.43,380157.0
2017-09-26 04:00:00,1.41,1.55,1.38,1.5,272556.0
2017-09-27 04:00:00,1.53,1.55,1.421,1.53,154679.0
2017-09-28 04:00:00,1.53,1.53,1.47,1.5207,118681.0
2017-09-29 04:00:00,1.54,1.54,1.48,1.52,86415.0
2017-10-02 04:00:00,1.5,1.57,1.47,1.56,187681.0
2017-10-03 04:00:00,1.53,1.64,1.4701,1.53,469880.0
2017-10-04 04:00:00,1.55,1.58,1.51,1.56,135643.0
2017-10-05 04:00:00,1.55,1.59,1.521,1.55,227803.0
2017-10-06 04:00:00,1.54,1.59,1.4299,1.49,197099.0
2017-10-09 04:00:00,1.54,1.64,1.5002,1.62,272655.0
2017-10-10 04:00:00,1.65,1.6801,1.6,1.63,401999.0
2017-10-11 04:00:00,1.64,1.68,1.6,1.6,191577.0
2017-10-12 04:00:00,1.57,1.77,1.5376,1.65,363189.0
2017-10-13 04:00:00,1.65,1.67,1.57,1.59,147941.0
2017-10-16 04:00:00,1.61,1.64,1.5341,1.57,165293.0
2017-10-17 04:00:00,1.55,1.58,1.49,1.51,158610.0
2017-10-18 04:00:00,1.5,1.54,1.495,1.52,224777.0
2017-10-19 04:00:00,1.5,1.57,1.4714,1.53,377580.0
2017-10-20 04:00:00,1.5101,1.56,1.5101,1.55,98857.0
2017-10-23 04:00:00,1.54,1.58,1.54,1.56,53992.0
2017-10-24 04:00:00,1.55,1.589,1.53,1.54,100221.0
2017-10-25 04:00:00,1.53,1.545,1.46,1.48,157332.0
2017-10-26 04:00:00,1.49,1.5467,1.45,1.52,258689.0
2017-10-27 04:00:00,1.49,1.5488,1.46,1.54,135286.0
2017-10-30 04:00:00,1.52,1.6379,1.52,1.57,114440.0
2017-10-31 04:00:00,1.542,1.66,1.54,1.64,383890.0
2017-11-01 04:00:00,1.67,1.71,1.58,1.61,661087.0
2017-11-02 04:00:00,1.4,1.62,1.4,1.45,328188.0
2017-11-03 04:00:00,1.5,1.64,1.431,1.61,255685.0
2017-11-06 05:00:00,1.65,1.8062,1.6387,1.8,693097.0
2017-11-07 05:00:00,1.77,1.78,1.6101,1.76,280647.0
2017-11-08 05:00:00,1.77,1.82,1.71,1.76,239128.0
2017-11-09 05:00:00,1.74,1.79,1.67,1.76,142234.0
2017-11-10 05:00:00,1.75,1.78,1.68,1.72,119369.0
2017-11-13 05:00:00,1.7,1.719,1.621,1.645,92406.0
2017-11-14 05:00:00,1.64,1.64,1.55,1.6001,203132.0
2017-11-15 05:00:00,1.56,1.6292,1.55,1.59,127245.0
2017-11-16 05:00:00,1.6,1.6,1.5,1.5,158047.0
2017-11-17 05:00:00,1.5,1.59,1.45,1.55,171025.0
2017-11-20 05:00:00,1.52,1.56,1.46,1.46,124910.0
2017-11-21 05:00:00,1.46,1.52,1.41,1.44,164172.0
2017-11-22 05:00:00,1.46,1.51,1.42,1.485,184217.0
2017-11-24 05:00:00,1.49,1.51,1.44,1.44,42071.0
2017-11-27 05:00:00,1.48,1.48,1.41,1.42,123844.0
2017-11-28 05:00:00,1.41,1.43,1.39,1.43,140234.0
2017-11-29 05:00:00,1.44,1.523,1.4271,1.48,198542.0
2017-11-30 05:00:00,1.48,1.5625,1.38,1.55,320526.0
2017-12-01 05:00:00,1.55,1.6,1.5202,1.56,146799.0
2017-12-04 05:00:00,1.54,1.6,1.5203,1.53,163751.0
2017-12-05 05:00:00,1.52,1.5379,1.46,1.506,86324.0
2017-12-06 05:00:00,1.47,1.5,1.36,1.36,212235.0
2017-12-07 05:00:00,1.36,1.4175,1.35,1.36,136688.0
2017-12-08 05:00:00,1.37,1.4,1.32,1.35,162320.0
2017-12-11 05:00:00,1.34,1.4,1.27,1.2845,252595.0
2017-12-12 05:00:00,1.3,1.3798,1.2826,1.3,281637.0
2017-12-13 05:00:00,1.3,1.3364,1.2701,1.31,299173.0
2017-12-14 05:00:00,1.29,1.3,1.24,1.26,332455.0
2017-12-15 05:00:00,1.25,1.29,1.21,1.26,324560.0
2017-12-18 05:00:00,1.25,1.32,1.22,1.23,508057.0
2017-12-19 05:00:00,1.23,1.28,1.13,1.18,348070.0
2017-12-20 05:00:00,1.18,1.2239,1.1301,1.2,642013.0
2017-12-21 05:00:00,1.18,1.23,1.15,1.18,534940.0
2017-12-22 05:00:00,1.17,1.28,1.16,1.27,488088.0
2017-12-26 05:00:00,1.26,1.31,1.195,1.2,895463.0
2017-12-27 05:00:00,1.19,1.24,1.07,1.18,948134.0
2017-12-28 05:00:00,1.17,1.42,1.17,1.42,844648.0
2017-12-29 05:00:00,1.41,1.62,1.3,1.61,1097994.0
2018-01-02 05:00:00,1.61,1.65,1.51,1.58,363534.0
2018-01-03 05:00:00,1.57,1.68,1.5,1.68,607513.0
2018-01-04 05:00:00,1.68,1.73,1.561,1.66,379766.0
2018-01-05 05:00:00,1.63,1.632,1.55,1.56,203826.0
2018-01-08 05:00:00,1.55,1.6307,1.46,1.6205,361553.0
2018-01-09 05:00:00,1.63,1.77,1.5701,1.69,334778.0
2018-01-10 05:00:00,1.72,1.94,1.72,1.89,674783.0
2018-01-11 05:00:00,1.91,2.23,1.9,2.05,1068944.0
2018-01-12 05:00:00,2.08,2.1176,1.8734,2.07,430640.0
2018-01-16 05:00:00,2.1,2.129,2.0,2.05,498981.0
2018-01-17 05:00:00,2.04,2.18,2.021,2.1199,331101.0
2018-01-18 05:00:00,2.13,2.22,2.06,2.08,297974.0
2018-01-19 05:00:00,2.09,2.13,1.97,2.12,235397.0
2018-01-22 05:00:00,2.1,2.25,2.08,2.23,398792.0
2018-01-23 05:00:00,2.27,2.33,2.18,2.25,457145.0
2018-01-24 05:00:00,2.24,2.42,2.23,2.36,650474.0
2018-01-25 05:00:00,2.45,2.4803,2.2,2.42,730792.0
2018-01-26 05:00:00,2.46,2.57,2.26,2.52,678498.0
2018-01-29 05:00:00,2.5,2.6,2.42,2.47,539016.0
2018-01-30 05:00:00,2.47,2.47,2.31,2.36,393594.0
2018-01-31 05:00:00,2.44,2.46,2.32,2.38,677535.0
2018-02-01 05:00:00,2.37,2.401,2.28,2.3,356781.0
2018-02-02 05:00:00,2.27,2.32,2.21,2.26,521183.0
2018-02-05 05:00:00,2.2,2.26,2.16,2.21,551562.0
2018-02-06 05:00:00,2.17,2.349,2.17,2.3,563504.0
2018-02-07 05:00:00,2.32,2.4,2.24,2.29,333329.0
2018-02-08 05:00:00,2.28,2.28,2.121,2.21,204518.0
2018-02-09 05:00:00,2.24,2.25,2.0,2.16,346895.0
2018-02-12 05:00:00,2.22,2.37,2.17,2.28,453715.0
2018-02-13 05:00:00,2.27,2.33,2.27,2.29,263724.0
2018-02-14 05:00:00,2.25,2.39,2.25,2.27,476695.0
2018-02-15 05:00:00,2.36,2.36,2.2302,2.24,298435.0
2018-02-16 05:00:00,2.22,2.36,2.2101,2.29,333784.0
2018-02-20 05:00:00,2.27,2.57,2.25,2.56,575247.0
2018-02-21 05:00:00,2.65,2.98,2.57,2.89,983535.0
2018-02-22 05:00:00,2.64,3.25,2.55,3.03,1253554.0
2018-02-23 05:00:00,3.04,3.31,3.0,3.3,841833.0
2018-02-26 05:00:00,3.35,3.63,3.33,3.57,1553183.0
2018-02-27 05:00:00,3.52,3.73,3.301,3.55,782579.0
2018-02-28 05:00:00,3.57,3.61,3.4,3.61,498212.0
2018-03-01 05:00:00,3.6,3.74,3.45,3.69,373668.0
2018-03-02 05:00:00,3.62,4.05,3.6,3.99,822449.0
2018-03-05 05:00:00,4.04,4.36,3.99,4.16,1023095.0
2018-03-06 05:00:00,4.3,4.34,3.83,4.11,1162392.0
2018-03-07 05:00:00,4.06,4.1318,3.9,4.07,502807.0
2018-03-08 05:00:00,4.12,4.17,3.9204,4.1,470730.0
2018-03-09 05:00:00,4.11,4.219,4.05,4.15,463800.0
2018-03-12 04:00:00,4.18,4.18,3.9801,4.05,398346.0
2018-03-13 04:00:00,4.05,4.099,3.91,3.95,273864.0
2018-03-14 04:00:00,4.0,4.0311,3.71,3.86,347640.0
2018-03-15 04:00:00,3.87,3.87,3.64,3.85,555210.0
2018-03-16 04:00:00,3.86,4.02,3.77,4.0,393698.0
2018-03-19 04:00:00,4.01,4.09,3.8338,4.01,214218.0
2018-03-20 04:00:00,4.01,4.25,3.9,4.05,416204.0
2018-03-21 04:00:00,4.08,4.43,4.08,4.41,563703.0
2018-03-22 04:00:00,4.35,4.52,4.25,4.39,305005.0
2018-03-23 04:00:00,4.38,4.56,4.36,4.47,364096.0
2018-03-26 04:00:00,4.51,5.25,4.51,4.94,1703893.0
2018-03-27 04:00:00,5.0,5.43,4.6606,4.74,1673879.0
2018-03-28 04:00:00,4.73,4.94,4.6,4.6,430041.0
2018-03-29 04:00:00,4.58,4.98,4.35,4.71,527569.0
2018-04-02 04:00:00,4.77,4.85,4.11,4.305,527664.0
2018-04-03 04:00:00,4.31,4.7,4.31,4.52,268286.0
2018-04-04 04:00:00,4.42,4.67,4.35,4.52,229924.0
2018-04-05 04:00:00,4.55,4.8,4.47,4.58,428276.0
2018-04-06 04:00:00,4.55,4.5589,4.36,4.48,207660.0
2018-04-09 04:00:00,4.48,4.94,4.48,4.7,706129.0
2018-04-10 04:00:00,4.8,5.0796,4.8,5.04,575848.0
2018-04-11 04:00:00,5.03,5.3192,5.021,5.12,516225.0
2018-04-12 04:00:00,5.2,5.29,4.89,4.92,456224.0
2018-04-13 04:00:00,4.95,5.26,4.83,5.26,447909.0
2018-04-16 04:00:00,5.34,5.8,5.1,5.65,654623.0
2018-04-17 04:00:00,5.82,6.24,5.67,5.78,1028646.0
2018-04-18 04:00:00,6.06,6.21,5.8801,5.96,601955.0
2018-04-19 04:00:00,6.01,6.09,5.82,5.95,471157.0
2018-04-20 04:00:00,6.0,6.0,5.66,5.83,378024.0
2018-04-23 04:00:00,5.78,5.9815,5.521,5.69,324806.0
2018-04-24 04:00:00,5.75,5.8899,5.58,5.62,217494.0
2018-04-25 04:00:00,5.71,5.81,5.42,5.79,473821.0
2018-04-26 04:00:00,5.8,6.04,5.55,5.55,686400.0
2018-04-27 04:00:00,5.59,5.64,5.21,5.27,427344.0
2018-04-30 04:00:00,5.29,5.745,5.28,5.74,336101.0
2018-05-01 04:00:00,5.74,5.76,5.46,5.67,267557.0
2018-05-02 04:00:00,5.78,6.15,5.67,5.98,652278.0
2018-05-03 04:00:00,5.89,6.09,5.55,5.83,564030.0
2018-05-04 04:00:00,5.79,6.1,5.661,5.98,385918.0
2018-05-07 04:00:00,6.15,6.48,6.1,6.25,634386.0
2018-05-08 04:00:00,6.29,6.49,6.19,6.49,508687.0
2018-05-09 04:00:00,6.84,7.45,6.82,7.2,1252045.0
2018-05-10 04:00:00,7.45,7.96,7.45,7.78,1133676.0
2018-05-11 04:00:00,7.94,8.49,7.7,7.99,1539796.0
2018-05-14 04:00:00,8.37,8.6,8.15,8.32,1168880.0
2018-05-15 04:00:00,8.54,8.74,8.3273,8.69,1038276.0
2018-05-16 04:00:00,8.72,9.65,8.6767,9.65,1431486.0
2018-05-17 04:00:00,9.95,10.54,7.51,7.69,5075931.0
2018-05-18 04:00:00,7.8048,8.55,7.39,8.01,1634773.0
2018-05-21 04:00:00,8.31,8.84,7.55,7.75,1319662.0
2018-05-22 04:00:00,7.75,7.99,6.52,6.52,2979881.0
2018-05-23 04:00:00,6.5,6.68,6.16,6.24,1227145.0
2018-05-24 04:00:00,6.05,6.1,5.13,5.43,2691786.0
2018-05-25 04:00:00,5.14,5.37,4.6631,5.11,2372974.0
2018-05-29 04:00:00,5.03,5.42,4.841,4.85,1441839.0
2018-05-30 04:00:00,5.05,6.14,5.0,5.98,4084123.0
2018-05-31 04:00:00,5.85,6.23,5.55,5.68,2215945.0
2018-06-01 04:00:00,5.68,5.9799,5.58,5.65,555026.0
2018-06-04 04:00:00,5.65,5.98,5.6109,5.86,656656.0
2018-06-05 04:00:00,5.91,5.98,5.61,5.86,374556.0
2018-06-06 04:00:00,5.85,6.48,5.85,6.06,1082496.0
2018-06-07 04:00:00,6.2,6.44,6.0792,6.34,846453.0
2018-06-08 04:00:00,6.34,6.42,6.11,6.13,584004.0
2018-06-11 04:00:00,6.44,6.8,6.28,6.72,1304538.0
2018-06-12 04:00:00,6.84,7.24,6.4,6.49,1203414.0
2018-06-13 04:00:00,6.53,6.8268,6.2201,6.31,597393.0
2018-06-14 04:00:00,6.33,6.4533,5.7601,6.05,747225.0
2018-06-15 04:00:00,5.99,6.2,5.87,6.17,462426.0
2018-06-18 04:00:00,6.13,6.53,6.1,6.53,456199.0
2018-06-19 04:00:00,6.55,6.73,6.31,6.72,355090.0
2018-06-20 04:00:00,6.8,6.88,6.6034,6.8,354788.0
2018-06-21 04:00:00,6.7,6.78,6.34,6.55,443970.0
2018-06-22 04:00:00,6.81,7.09,6.49,7.05,585374.0
2018-06-25 04:00:00,6.55,6.82,6.25,6.7,1046375.0
2018-06-26 04:00:00,6.96,6.96,6.5801,6.89,546452.0
2018-06-27 04:00:00,7.15,7.426,6.7864,6.88,976026.0
2018-06-28 04:00:00,6.86,7.08,6.72,6.91,363392.0
2018-06-29 04:00:00,6.93,7.14,6.79,6.9,244211.0
2018-07-02 04:00:00,6.8,6.9699,6.57,6.65,426216.0
2018-07-03 04:00:00,6.77,6.8458,6.011,6.22,656640.0
2018-07-05 04:00:00,6.22,6.35,5.92,6.13,546344.0
2018-07-06 04:00:00,6.26,6.28,6.0427,6.17,238677.0
2018-07-09 04:00:00,6.26,6.26,6.13,6.15,271596.0
2018-07-10 04:00:00,6.25,6.3157,5.97,6.16,339565.0
2018-07-11 04:00:00,6.05,6.1699,5.9701,6.03,261766.0
2018-07-12 04:00:00,6.03,6.18,6.02,6.04,197623.0
2018-07-13 04:00:00,6.04,6.17,6.0101,6.17,277717.0
2018-07-16 04:00:00,6.0,6.11,5.711,5.88,371075.0
2018-07-17 04:00:00,5.84,5.86,5.66,5.68,292710.0
2018-07-18 04:00:00,5.59,5.65,5.17,5.54,493585.0
2018-07-19 04:00:00,5.4,5.71,5.22,5.3,402734.0
2018-07-20 04:00:00,5.23,5.5,5.12,5.22,297837.0
2018-07-23 04:00:00,5.2,5.34,5.1101,5.14,272995.0
2018-07-24 04:00:00,5.21,5.49,5.15,5.17,297786.0
2018-07-25 04:00:00,5.19,5.25,5.08,5.12,163718.0
2018-07-26 04:00:00,5.1,5.25,4.98,5.18,315426.0
2018-07-27 04:00:00,5.09,5.2266,5.01,5.01,157804.0
2018-07-30 04:00:00,5.02,5.19,5.01,5.05,171078.0
2018-07-31 04:00:00,5.05,5.16,4.95,5.16,250155.0
2018-08-01 04:00:00,5.08,5.44,5.05,5.35,202519.0
2018-08-02 04:00:00,5.35,5.4,5.0,5.12,340999.0
2018-08-03 04:00:00,5.12,5.2,4.825,4.87,294298.0
2018-08-06 04:00:00,4.82,4.9,4.32,4.38,820242.0
2018-08-07 04:00:00,4.43,4.71,4.39,4.58,258136.0
2018-08-08 04:00:00,4.55,4.556,4.37,4.42,277234.0
2018-08-09 04:00:00,4.38,4.48,4.1593,4.43,319892.0
2018-08-10 04:00:00,4.4,4.78,4.3168,4.78,379035.0
2018-08-13 04:00:00,4.71,4.825,4.484,4.51,328888.0
2018-08-14 04:00:00,4.66,4.66,4.47,4.48,187264.0
2018-08-15 04:00:00,4.62,4.62,4.01,4.11,338501.0
2018-08-16 04:00:00,4.14,4.88,4.12,4.88,439254.0
2018-08-17 04:00:00,4.85,4.92,4.3801,4.74,400639.0
2018-08-20 04:00:00,4.77,4.9859,4.501,4.96,248303.0
2018-08-21 04:00:00,5.0,5.2799,4.79,5.05,466963.0
2018-08-22 04:00:00,5.05,5.44,5.0,5.37,444570.0
2018-08-23 04:00:00,5.34,5.5,5.15,5.32,326171.0
2018-08-24 04:00:00,5.4,5.45,5.26,5.3,173453.0
2018-08-27 04:00:00,5.3,5.4013,5.16,5.33,219827.0
2018-08-28 04:00:00,5.31,5.34,5.15,5.31,199722.0
2018-08-29 04:00:00,5.32,5.48,5.27,5.4,191464.0
2018-08-30 04:00:00,5.39,5.42,5.18,5.36,237478.0
2018-08-31 04:00:00,5.38,5.47,5.255,5.39,268447.0
2018-09-04 04:00:00,5.48,5.5698,5.35,5.35,272957.0
2018-09-05 04:00:00,5.34,5.55,5.21,5.34,270192.0
2018-09-06 04:00:00,5.24,5.46,5.01,5.05,262182.0
2018-09-07 04:00:00,5.07,5.3,5.05,5.27,263325.0
2018-09-10 04:00:00,5.22,5.45,5.17,5.37,137403.0
2018-09-11 04:00:00,5.4,5.64,5.28,5.29,343437.0
2018-09-12 04:00:00,5.4,5.5,5.2,5.38,315106.0
2018-09-13 04:00:00,5.33,5.33,5.0,5.01,231269.0
2018-09-14 04:00:00,5.0,5.21,4.91,5.02,161468.0
2018-09-17 04:00:00,5.11,5.39,4.84,4.94,182639.0
2018-09-18 04:00:00,4.99,5.18,4.87,4.91,223745.0
2018-09-19 04:00:00,4.99,5.0,4.77,4.84,256362.0
2018-09-20 04:00:00,4.77,4.91,4.52,4.69,379767.0
2018-09-21 04:00:00,5.11,5.85,4.89,5.3,2439783.0
2018-09-24 04:00:00,5.36,5.4,5.12,5.2,772872.0
2018-09-25 04:00:00,4.78,5.19,4.68,4.97,1631859.0
2018-09-26 04:00:00,4.93,5.12,4.85,4.89,535088.0
2018-09-27 04:00:00,5.0,5.09,4.8,4.9,444721.0
2018-09-28 04:00:00,4.9,4.9902,4.75,4.85,598938.0
2018-10-01 04:00:00,4.86,5.43,4.86,5.33,1086280.0
2018-10-02 04:00:00,5.33,5.3782,5.1724,5.26,306357.0
2018-10-03 04:00:00,5.26,5.33,5.17,5.28,380545.0
2018-10-04 04:00:00,5.26,5.29,5.11,5.2,208564.0
2018-10-05 04:00:00,5.16,5.25,4.77,5.11,786839.0
2018-10-08 04:00:00,5.13,5.45,4.91,5.16,784482.0
2018-10-09 04:00:00,5.15,5.35,5.15,5.28,661410.0
2018-10-10 04:00:00,5.28,5.37,4.95,5.04,567130.0
2018-10-11 04:00:00,4.94,5.13,4.9,4.96,240543.0
2018-10-12 04:00:00,5.03,5.12,4.9,5.01,287860.0
2018-10-15 04:00:00,5.08,5.11,4.94,5.02,206069.0
2018-10-16 04:00:00,5.08,5.09,4.96,5.01,219507.0
2018-10-17 04:00:00,5.0,5.04,4.88,4.94,277889.0
2018-10-18 04:00:00,4.95,5.02,4.875,5.01,295912.0
2018-10-19 04:00:00,4.97,5.1,4.96,5.0,354226.0
2018-10-22 04:00:00,5.03,5.05,4.93,4.96,285193.0
2018-10-23 04:00:00,4.86,4.9006,4.52,4.67,674674.0
2018-10-24 04:00:00,4.69,4.78,4.11,4.23,785639.0
2018-10-25 04:00:00,4.26,4.42,4.1501,4.3,561061.0
2018-10-26 04:00:00,4.25,4.25,4.04,4.14,453474.0
2018-10-29 04:00:00,4.14,4.14,3.75,3.85,463493.0
2018-10-30 04:00:00,3.8,4.03,3.7,3.97,469291.0
2018-10-31 04:00:00,4.05,4.255,4.0,4.21,703873.0
2018-11-01 04:00:00,3.76,4.22,2.97,4.0,1474718.0
2018-11-02 04:00:00,4.0,4.05,3.71,3.8,222304.0
2018-11-05 05:00:00,3.82,3.85,3.56,3.81,488188.0
2018-11-06 05:00:00,3.8,3.9497,3.68,3.7,357768.0
2018-11-07 05:00:00,3.77,3.85,3.66,3.74,353747.0
2018-11-08 05:00:00,3.74,3.7495,3.35,3.42,599504.0
2018-11-09 05:00:00,3.31,3.45,3.1,3.42,635160.0
2018-11-12 05:00:00,3.4,3.4,3.17,3.17,261011.0
2018-11-13 05:00:00,3.07,3.2,2.81,2.83,827168.0
2018-11-14 05:00:00,2.92,3.05,2.765,2.79,412817.0
2018-11-15 05:00:00,2.79,2.89,2.65,2.76,338095.0
2018-11-16 05:00:00,2.76,2.875,2.5,2.59,545448.0
2018-11-19 05:00:00,2.55,2.605,2.33,2.36,712958.0
2018-11-20 05:00:00,2.31,2.35,2.22,2.26,482281.0
2018-11-21 05:00:00,2.31,2.56,2.28,2.49,575764.0
2018-11-23 05:00:00,2.41,2.44,2.22,2.3,643173.0
2018-11-26 05:00:00,2.32,2.82,2.31,2.67,1319836.0
2018-11-27 05:00:00,2.65,2.7399,2.35,2.45,853514.0
2018-11-28 05:00:00,2.44,2.505,2.2,2.22,1406402.0
2018-11-29 05:00:00,2.22,2.3322,2.18,2.25,525169.0
2018-11-30 05:00:00,2.19,2.201,2.12,2.15,451253.0
2018-12-03 05:00:00,2.25,2.3,2.01,2.11,734250.0
2018-12-04 05:00:00,2.07,2.1,1.92,2.01,1165246.0
2018-12-06 05:00:00,1.97,2.0084,1.77,1.81,924828.0
2018-12-07 05:00:00,1.93,2.21,1.88,1.96,1152403.0
2018-12-10 05:00:00,1.96,2.03,1.78,1.82,768907.0
2018-12-11 05:00:00,1.89,1.95,1.79,1.84,806273.0
2018-12-12 05:00:00,1.89,1.92,1.65,1.72,955439.0
2018-12-13 05:00:00,1.7,1.745,1.55,1.62,816996.0
2018-12-14 05:00:00,1.59,1.66,1.3713,1.39,1761299.0
2018-12-17 05:00:00,1.45,1.63,1.4,1.48,2074045.0
2018-12-18 05:00:00,1.5,1.54,1.34,1.37,1832561.0
2018-12-19 05:00:00,1.4,1.45,1.3,1.34,1301889.0
2018-12-20 05:00:00,1.3,1.36,1.21,1.27,1055415.0
2018-12-21 05:00:00,1.27,1.38,1.24,1.35,1586224.0
2018-12-24 05:00:00,1.34,1.34,1.21,1.26,329396.0
2018-12-26 05:00:00,1.27,1.3394,1.15,1.3,1283354.0
2018-12-27 05:00:00,1.27,1.3082,1.16,1.26,633112.0
2018-12-28 05:00:00,1.28,1.3,1.16,1.22,513348.0
2018-12-31 05:00:00,1.3,1.55,1.2,1.54,1270583.0
2019-01-02 05:00:00,1.49,1.67,1.37,1.67,999136.0
2019-01-03 05:00:00,1.7,1.8482,1.55,1.7,1064001.0
2019-01-04 05:00:00,1.78,1.97,1.76,1.96,1048066.0
2019-01-07 05:00:00,1.99,2.34,1.97,2.15,1326523.0
2019-01-08 05:00:00,2.26,2.36,2.14,2.19,995217.0
2019-01-09 05:00:00,2.27,2.47,2.2,2.34,1102067.0
2019-01-10 05:00:00,2.33,2.44,2.13,2.32,517685.0
2019-01-11 05:00:00,2.26,2.3,2.11,2.22,583393.0
2019-01-14 05:00:00,2.21,2.29,2.12,2.24,308628.0
2019-01-15 05:00:00,2.24,2.2832,1.86,1.98,947261.0
2019-01-16 05:00:00,1.92,1.92,1.56,1.69,1508529.0
2019-01-17 05:00:00,1.66,1.6694,1.52,1.63,635008.0
2019-01-18 05:00:00,1.64,1.73,1.63,1.73,644153.0
2019-01-22 05:00:00,1.73,1.75,1.61,1.68,450001.0
2019-01-23 05:00:00,1.68,1.7115,1.375,1.42,1230443.0
2019-01-24 05:00:00,1.43,1.6,1.42,1.51,717610.0
2019-01-25 05:00:00,1.57,1.68,1.42,1.64,824055.0
2019-01-28 05:00:00,1.61,1.61,1.46,1.56,515880.0
2019-01-29 05:00:00,1.59,1.8,1.51,1.52,1028929.0
2019-01-30 05:00:00,1.53,1.58,1.42,1.43,1024832.0
2019-01-31 05:00:00,1.44,1.53,1.44,1.47,834032.0
2019-02-01 05:00:00,1.47,1.75,1.43,1.72,1411469.0
2019-02-04 05:00:00,1.73,1.7315,1.55,1.61,1038124.0
2019-02-05 05:00:00,1.6,1.64,1.52,1.61,396242.0
2019-02-06 05:00:00,1.61,1.62,1.52,1.54,498100.0
2019-02-07 05:00:00,1.53,1.53,1.37,1.42,986836.0
2019-02-08 05:00:00,1.46,1.46,1.37,1.39,711732.0
2019-02-11 05:00:00,1.4,1.54,1.3,1.39,975755.0
2019-02-12 05:00:00,1.37,1.5264,1.37,1.47,702477.0
2019-02-13 05:00:00,1.49,1.55,1.31,1.36,1463218.0
2019-02-14 05:00:00,1.36,1.4,1.33,1.36,644022.0
2019-02-15 05:00:00,1.37,1.41,1.31,1.38,1040089.0
2019-02-19 05:00:00,1.39,1.41,1.3,1.32,923504.0
2019-02-20 05:00:00,1.33,1.41,1.3,1.34,1400431.0
2019-02-21 05:00:00,1.34,1.38,1.3,1.3,797675.0
2019-02-22 05:00:00,1.31,1.37,1.31,1.33,999725.0
2019-02-25 05:00:00,1.34,1.36,1.21,1.27,1547597.0
2019-02-26 05:00:00,1.25,1.28,1.16,1.22,1216132.0
2019-02-27 05:00:00,1.25,1.28,1.22,1.23,471387.0
2019-02-28 05:00:00,1.25,1.25,1.12,1.2,1468694.0
2019-03-01 05:00:00,1.2,1.2,1.12,1.16,816806.0
2019-03-04 05:00:00,1.17,1.339,1.16,1.33,1407846.0
2019-03-05 05:00:00,1.33,1.345,1.23,1.33,972610.0
2019-03-06 05:00:00,1.33,1.345,1.22,1.26,652105.0
2019-03-07 05:00:00,1.27,1.3,1.2,1.28,837167.0
2019-03-08 05:00:00,1.24,1.249,1.16,1.23,581858.0
2019-03-11 04:00:00,1.24,1.37,1.23,1.32,1553230.0
2019-03-12 04:00:00,1.33,1.39,1.21,1.27,1549601.0
2019-03-13 04:00:00,1.3,1.46,1.27,1.39,2145127.0
2019-03-14 04:00:00,0.89,1.08,0.5801,0.582,7565922.0
2019-03-15 04:00:00,0.62,0.65,0.5789,0.5789,5615371.0
2019-03-18 04:00:00,0.628,0.63,0.4899,0.5302,4181530.0
2019-03-19 04:00:00,0.58,0.58,0.3799,0.4915,2406935.0
2019-03-20 04:00:00,0.5388,0.56,0.4518,0.5502,2641047.0
2019-03-21 04:00:00,0.58,0.62,0.539,0.54,3941930.0
2019-03-22 04:00:00,0.58,0.59,0.47,0.4793,2463506.0
2019-03-25 04:00:00,0.501,0.53,0.48,0.4861,1616126.0
2019-03-26 04:00:00,0.49,0.52,0.48,0.4993,1496936.0
2019-03-27 04:00:00,0.513,0.519,0.48,0.5,1131427.0
2019-03-28 04:00:00,0.508,0.508,0.4821,0.5,1011453.0
2019-03-29 04:00:00,0.5033,0.5295,0.48,0.4911,2274244.0
2019-04-01 04:00:00,0.4974,0.5,0.45,0.4588,1165497.0
2019-04-02 04:00:00,0.46,0.4718,0.42,0.4253,1198840.0
2019-04-03 04:00:00,0.42,0.4443,0.4,0.4277,1443742.0
2019-04-04 04:00:00,0.443,0.4475,0.4151,0.419,578258.0
2019-04-05 04:00:00,0.42,0.45,0.414,0.4377,883210.0
2019-04-08 04:00:00,0.44,0.515,0.44,0.495,1249632.0
2019-04-09 04:00:00,0.495,0.51,0.45,0.4631,1291885.0
2019-04-10 04:00:00,0.4666,0.4899,0.465,0.4862,797733.0
2019-04-11 04:00:00,0.4748,0.4862,0.441,0.4471,1096710.0
2019-04-12 04:00:00,0.461,0.48,0.4313,0.44,587867.0
2019-04-15 04:00:00,0.4428,0.47,0.44,0.4531,346668.0
2019-04-16 04:00:00,0.4531,0.46,0.43,0.4512,609454.0
2019-04-17 04:00:00,0.46,0.4688,0.4301,0.4357,457031.0
2019-04-18 04:00:00,0.4433,0.4563,0.4205,0.4368,486315.0
2019-04-22 04:00:00,0.4426,0.4426,0.42,0.4398,493490.0
2019-04-23 04:00:00,0.4337,0.449,0.4215,0.4362,1185545.0
2019-04-24 04:00:00,0.4419,0.4419,0.4134,0.42,636351.0
2019-04-25 04:00:00,0.43,0.430717,0.3823,0.3958,1084682.0
2019-04-26 04:00:00,0.39,0.415,0.38,0.4,345276.0
2019-04-29 04:00:00,0.4,0.41,0.3775,0.3949,528532.0
2019-04-30 04:00:00,0.4015,0.4684,0.39,0.45,911624.0
2019-05-01 04:00:00,0.4531,0.5,0.435,0.4869,1099988.0
2019-05-02 04:00:00,0.485,0.4868,0.44,0.4568,523272.0
2019-05-03 04:00:00,0.4534,0.47,0.44,0.4542,294537.0
2019-05-06 04:00:00,0.46,0.46,0.43,0.4558,291822.0
2019-05-07 04:00:00,0.4564,0.4564,0.4145,0.424,346061.0
2019-05-08 04:00:00,0.4368,0.4368,0.4002,0.4143,304029.0
2019-05-09 04:00:00,0.42,0.42,0.39,0.42,371885.0
2019-05-10 04:00:00,0.42,0.42,0.378,0.3851,412647.0
2019-05-13 04:00:00,0.382,0.3958,0.35,0.365,552340.0
2019-05-14 04:00:00,0.37,0.376,0.3321,0.3398,840110.0
2019-05-15 04:00:00,0.34,0.377,0.33,0.35,595274.0
2019-05-16 04:00:00,0.3559,0.3736,0.3122,0.3197,706023.0
2019-05-17 04:00:00,0.3299,0.3311,0.262,0.2701,1067066.0
2019-05-20 04:00:00,0.25,0.279,0.2131,0.231,1856108.0
2019-05-21 04:00:00,0.24,0.2699,0.231,0.2475,1470568.0
2019-05-22 04:00:00,0.2802,0.286,0.2255,0.23,1264755.0
2019-05-23 04:00:00,0.24,0.265,0.2174,0.2299,1519891.0
2019-05-24 04:00:00,0.17,0.18,0.14,0.1481,6074414.0
2019-05-28 04:00:00,0.14,0.1589,0.1253,0.142288,2513334.0
2019-05-29 04:00:00,0.1373,0.1397,0.125,0.1295,1784138.0
2019-05-30 04:00:00,0.131,0.137,0.1252,0.1282,1254714.0
2019-05-31 04:00:00,0.1216,0.1301,0.12,0.1261,1382320.0
2019-06-03 04:00:00,0.13,0.835,0.13,0.53,83166577.0
2019-06-04 04:00:00,0.6,0.7155,0.3002,0.301,40838179.0
2019-06-05 04:00:00,0.3,0.3,0.2,0.225,8872018.0
2019-06-06 04:00:00,0.243,0.38,0.23,0.2587,22494670.0
2019-06-07 04:00:00,0.3,0.363,0.26,0.265,20997116.0
2019-06-10 04:00:00,0.27,0.29,0.232,0.2605,9851251.0
2019-06-11 04:00:00,0.1449,0.145,0.0825,0.1087,54404479.0
2019-06-12 04:00:00,0.12,0.16,0.0999,0.1165,83083829.0
2019-06-13 04:00:00,0.16,0.165,0.1312,0.138,42416773.0
2019-06-14 04:00:00,0.1955,0.2222,0.131,0.15,82259148.0
2019-06-17 04:00:00,0.1345,0.1402,0.12,0.13,30163680.0
2019-06-18 04:00:00,0.1112,0.125,0.107,0.1091,23604523.0
2019-06-19 04:00:00,0.0939,0.105,0.0751,0.079,47823439.0
2019-06-20 04:00:00,0.0799,0.0849,0.0532,0.0532,48247340.0
2019-06-21 04:00:00,0.1,0.125,0.079,0.085,130828612.0
2019-06-24 04:00:00,0.073,0.085,0.0649,0.069,36490184.0
2019-06-25 04:00:00,0.0701,0.075,0.065,0.0684,27915457.0
2019-06-26 04:00:00,0.0625,0.068,0.051,0.059,30922643.0
2019-06-27 04:00:00,0.055,0.055,0.036,0.0395,41442796.0
2024-09-26 04:00:00,4.0,4.41,3.6,4.02,879948.0
2024-09-27 04:00:00,4.54,4.79,4.12,4.39,278948.0
2024-09-30 04:00:00,4.51,4.93,4.39,4.6001,109777.0
2024-10-01 04:00:00,4.43,4.8,4.31,4.6756,88330.0
2024-10-02 04:00:00,4.5503,4.7,4.33,4.65,77021.0
2024-10-03 04:00:00,4.54,4.79,4.54,4.77,2380.0
2024-10-04 04:00:00,4.8,4.99,4.52,4.87,118134.0
2024-10-07 04:00:00,4.89,5.6,4.8314,5.07,303461.0
2024-10-08 04:00:00,5.28,5.72,5.28,5.62,111106.0
2024-10-09 04:00:00,5.79,6.25,5.62,5.75,156964.0
2024-10-10 04:00:00,5.88,6.13,5.55,5.75,85163.0
2024-10-11 04:00:00,5.89,5.905,5.72,5.77,49630.0
2024-10-14 04:00:00,5.89,5.9436,5.74,5.77,32813.0
2024-10-15 04:00:00,5.81,5.9,5.7203,5.82,18623.0
2024-10-16 04:00:00,5.75,5.91,5.6,5.82,45776.0
2024-10-17 04:00:00,5.76,6.27,5.71,5.98,119497.0
2024-10-18 04:00:00,6.0,6.2,5.7802,5.94,101726.0
2024-10-21 04:00:00,5.88,6.1,5.71,5.89,54725.0
2024-10-22 04:00:00,5.94,6.149,5.37,5.66,72757.0
2024-10-23 04:00:00,5.61,5.74,4.74,5.05,98680.0
2024-10-24 04:00:00,5.41,6.2333,5.11,5.29,21236.0
2024-10-25 04:00:00,5.31,5.4899,5.03,5.26,77323.0
2024-10-28 04:00:00,5.34,5.75,4.85,4.89,58628.0
2024-10-29 04:00:00,5.04,5.35,4.92,5.08,86784.0
2024-10-30 04:00:00,5.18,5.4,5.0,5.06,68220.0
2024-10-31 04:00:00,5.15,5.29,5.05,5.29,34576.0
2024-11-01 04:00:00,5.07,5.6,5.07,5.48,78976.0
2024-11-04 05:00:00,5.45,5.5041,4.98,5.3,53716.0
2024-11-05 05:00:00,5.17,5.45,5.02,5.33,38139.0
2024-11-06 05:00:00,5.65,5.65,5.104,5.59,48869.0
2024-11-07 05:00:00,5.43,5.66,5.3315,5.65,33751.0
2024-11-08 05:00:00,5.7,6.0,5.6,5.98,55333.0
2024-11-11 05:00:00,5.92,5.92,5.51,5.67,19861.0
2024-11-12 05:00:00,5.77,5.9,5.5456,5.7,47601.0
2024-11-13 05:00:00,5.72,5.75,5.53,5.6604,23541.0
2024-11-14 05:00:00,5.8,5.8,5.5944,5.6,49825.0
2024-11-15 05:00:00,6.9,7.83,6.31,6.52,294289.0
2024-11-18 05:00:00,6.58,6.9,6.34,6.41,118011.0
2024-11-19 05:00:00,6.4,6.5,6.0,6.325,76273.0
2024-11-20 05:00:00,6.2,7.75,6.2,7.4,174881.0
2024-11-21 05:00:00,7.5,7.59,7.1,7.57,101612.0
2024-11-22 05:00:00,7.52,8.0,7.34,7.93,114486.0
2024-11-25 05:00:00,8.0,8.05,7.225,7.5,95532.0
2024-11-26 05:00:00,7.54,8.0,7.51,7.86,58721.0
2024-11-27 05:00:00,8.0,8.25,7.84,8.1,137048.0
2024-11-29 05:00:00,8.3,8.3,7.98,8.21,74998.0
2024-12-02 05:00:00,8.2,8.21,7.64,7.69,110968.0
2024-12-03 05:00:00,7.69,8.0571,7.605,7.85,58595.0
2024-12-04 05:00:00,7.95,8.0982,7.84,7.9,67241.0
2024-12-05 05:00:00,7.89,8.07,7.73,8.04,67770.0
2024-12-06 05:00:00,8.1,8.36,7.91,8.07,125281.0
2024-12-09 05:00:00,8.2,8.42,8.01,8.12,90942.0
2024-12-10 05:00:00,8.08,8.2,7.95,7.95,80459.0
2024-12-11 05:00:00,8.06,8.18,7.93,8.02,71547.0
2024-12-12 05:00:00,8.02,8.4,7.95,8.24,99419.0
2024-12-13 05:00:00,8.3,8.95,8.15,8.93,148127.0
2024-12-16 05:00:00,8.87,10.37,8.68,8.98,273700.0
2024-12-17 05:00:00,9.02,9.1399,8.41,8.41,113679.0
2024-12-18 05:00:00,8.54,8.5798,8.0,8.0,92641.0
2024-12-19 05:00:00,8.12,8.22,7.51,7.66,129491.0
2024-12-20 05:00:00,8.03,8.2709,7.28,7.39,191764.0
2024-12-23 05:00:00,7.82,8.7999,7.665,8.5,285579.0
2024-12-24 05:00:00,8.29,8.69,8.26,8.32,68212.0
2024-12-26 05:00:00,8.3,8.88,7.88,8.48,102527.0
2024-12-27 05:00:00,8.21,8.55,8.18,8.25,62079.0
2024-12-30 05:00:00,8.25,8.51,8.14,8.2,82552.0
2024-12-31 05:00:00,8.27,8.51,8.08,8.32,63696.0
2025-01-02 05:00:00,8.26,8.4065,8.0716,8.16,54442.0
2025-01-03 05:00:00,8.27,8.32,8.0009,8.22,102235.0
2025-01-06 05:00:00,8.3,8.6,8.2601,8.48,170652.0
2025-01-07 05:00:00,8.33,8.8599,8.15,8.36,58701.0
2025-01-08 05:00:00,8.36,8.36,8.0001,8.35,58399.0
2025-01-10 05:00:00,8.23,8.7,8.0588,8.7,50113.0
2025-01-13 05:00:00,8.42,8.5783,7.45,7.45,126589.0
2025-01-14 05:00:00,7.68,8.07,7.6,7.8,87776.0
2025-01-15 05:00:00,7.82,8.16,7.71,7.88,83875.0
2025-01-16 05:00:00,7.83,8.07,7.8,8.05,45978.0
2025-01-17 05:00:00,8.04,8.75,7.9282,8.73,84053.0
2025-01-21 05:00:00,8.64,8.72,8.1707,8.2,62382.0
2025-01-22 05:00:00,8.19,8.5,8.08,8.32,40215.0
2025-01-23 05:00:00,8.17,8.45,8.1642,8.17,18044.0
2025-01-24 05:00:00,8.28,8.63,8.2,8.45,36902.0
2025-01-27 05:00:00,8.36,8.36,7.88,8.32,41028.0
2025-01-28 05:00:00,8.36,8.5,8.11,8.43,46485.0
2025-01-29 05:00:00,8.37,8.395,7.97,8.21,32660.0
2025-01-30 05:00:00,8.3,8.39,7.96,8.07,40452.0
2025-01-31 05:00:00,8.21,8.67,8.17,8.63,56545.0
2025-02-03 05:00:00,8.3,8.8,8.15,8.36,70247.0
2025-02-04 05:00:00,8.25,8.7,8.19,8.51,34466.0
2025-02-05 05:00:00,8.69,9.7,8.56,9.63,165395.0
2025-02-06 05:00:00,9.73,9.75,9.1127,9.33,61449.0
2025-02-07 05:00:00,9.39,9.6,9.3,9.6,53251.0
2025-02-10 05:00:00,9.51,9.87,9.03,9.27,89687.0
2025-02-11 05:00:00,8.77,9.14,8.29,8.93,107733.0
2025-02-12 05:00:00,8.84,9.0,8.42,8.81,40200.0
2025-02-13 05:00:00,8.81,10.25,8.81,9.68,281499.0
2025-02-14 05:00:00,9.14,9.14,8.08,8.64,259822.0
2025-02-18 05:00:00,8.4,8.58,7.9,8.27,195186.0
2025-02-19 05:00:00,8.27,8.34,7.8,8.2,149027.0
2025-02-20 05:00:00,8.11,8.25,7.8001,8.0,102344.0
2025-02-21 05:00:00,7.9,8.0762,7.33,7.5,187775.0
2025-02-24 05:00:00,7.6,7.83,7.37,7.5,53726.0
2025-02-25 05:00:00,7.52,7.8,7.3,7.5,71294.0
2025-02-26 05:00:00,7.51,7.62,7.29,7.45,52294.0
2025-02-27 05:00:00,7.45,7.64,7.2,7.2,62005.0
2025-02-28 05:00:00,7.29,7.41,7.0511,7.32,48915.0
2025-03-03 05:00:00,7.27,7.58,7.03,7.03,61833.0
2025-03-04 05:00:00,7.01,7.11,6.5,6.97,62400.0
2025-03-05 05:00:00,6.89,6.99,6.725,6.95,22552.0
2025-03-06 05:00:00,6.93,7.04,6.525,6.72,33377.0
2025-03-07 05:00:00,6.79,7.155,6.77,7.05,51240.0
2025-03-10 04:00:00,7.05,7.05,6.58,6.65,51620.0
2025-03-11 04:00:00,6.7,6.96,6.55,6.76,44139.0
2025-03-12 04:00:00,6.8,6.85,6.6,6.65,23705.0
2025-03-13 04:00:00,6.65,6.85,6.28,6.46,43275.0
2025-03-14 04:00:00,6.46,6.8,6.46,6.64,17931.0
2025-03-17 04:00:00,6.65,7.39,6.65,7.39,24590.0
2025-03-18 04:00:00,7.08,7.47,7.08,7.35,23624.0
2025-03-19 04:00:00,7.35,7.5,7.15,7.5,21127.0
2025-03-20 04:00:00,7.25,7.4922,7.18,7.23,11602.0
2025-03-21 04:00:00,6.81,7.22,6.7428,6.86,30886.0
2025-03-24 04:00:00,7.03,7.1421,6.785,7.05,33347.0
2025-03-25 04:00:00,7.05,7.16,6.6901,7.04,29823.0
2025-03-26 04:00:00,6.92,7.05,6.87,7.05,10730.0
2025-03-27 04:00:00,7.04,7.3,6.9601,7.14,37209.0
2025-03-28 04:00:00,7.065,7.31,6.89,7.31,31986.0
2025-03-31 04:00:00,7.05,7.26,7.05,7.17,20324.0
2025-04-01 04:00:00,7.19,7.3,7.1,7.22,27761.0
2025-04-02 04:00:00,7.02,7.4,6.82,7.25,10696.0
2025-04-03 04:00:00,7.01,7.5038,7.01,7.2,41333.0
2025-04-04 04:00:00,6.89,6.96,6.5081,6.76,30393.0
2025-04-07 04:00:00,6.5,7.2,6.1191,6.65,60075.0
2025-04-08 04:00:00,6.49,6.65,6.28,6.47,27910.0
2025-04-09 04:00:00,6.47,7.05,6.45,7.02,35144.0
2025-04-10 04:00:00,6.8,6.8,6.4,6.42,18826.0
2025-04-11 04:00:00,6.45,6.5,6.18,6.18,26743.0
2025-04-14 04:00:00,6.2,6.2,5.8266,6.17,95038.0
2025-04-15 04:00:00,6.09,6.37,6.09,6.37,28409.0
2025-04-16 04:00:00,6.27,6.38,6.12,6.38,51236.0
2025-04-17 04:00:00,6.33,6.5,6.0101,6.45,12112.0
2025-04-21 04:00:00,6.45,6.5,6.2011,6.35,26008.0
2025-04-22 04:00:00,6.4,6.45,6.36,6.45,24788.0
2025-04-23 04:00:00,6.56,6.6,6.37,6.6,29275.0
2025-04-24 04:00:00,6.6,6.7,6.4614,6.7,34433.0
2025-04-25 04:00:00,6.6,6.75,6.54,6.59,26875.0
2025-04-28 04:00:00,6.6,6.6,6.3043,6.39,34083.0
2025-04-29 04:00:00,6.29,6.31,6.14,6.19,51789.0
2025-04-30 04:00:00,6.265,6.7499,6.01,6.65,156174.0
2025-05-01 04:00:00,6.65,7.0,6.25,6.81,101453.0
2025-05-02 04:00:00,6.88,7.22,6.51,7.2,36079.0
2025-05-05 04:00:00,7.15,7.15,6.7624,6.87,12248.0
2025-05-06 04:00:00,6.8184,7.03,6.77,6.87,15907.0
2025-05-07 04:00:00,6.89,7.22,6.82,6.92,26776.0
2025-05-08 04:00:00,6.99,7.1444,6.6101,6.78,38788.0
2025-05-09 04:00:00,6.85,7.19,6.73,7.19,19144.0
2025-05-12 04:00:00,7.43,7.5902,7.2,7.5,53699.0
2025-05-13 04:00:00,7.52,7.56,7.3,7.51,52377.0
2025-05-14 04:00:00,7.6,7.6999,7.38,7.42,51050.0
2025-05-15 04:00:00,7.37,7.8,7.32,7.78,66538.0
2025-05-16 04:00:00,8.8,9.15,8.5033,9.08,226822.0
2025-05-19 04:00:00,8.75,9.5,8.75,8.83,253943.0
