ticker,filing_date,fiscal_year,fiscal_period,start_date,end_date,source_filing_url,income_statement.revenues,income_statement.benefits_costs_expenses,income_statement.cost_of_revenue,income_statement.cost_of_revenue_goods,income_statement.cost_of_revenue_services,income_statement.costs_and_expenses,income_statement.gross_profit,income_statement.gain_loss_on_sale_properties_net_tax,income_statement.nonoperating_income_loss,income_statement.operating_expenses,income_statement.selling_general_and_administrative_expenses,income_statement.depreciation_and_amortization,income_statement.research_and_development,income_statement.other_operating_expenses,income_statement.operating_income_loss,income_statement.other_operating_income_expenses,income_statement.income_loss_before_equity_method_investments,income_statement.income_loss_from_continuing_operations_after_tax,income_statement.income_loss_from_continuing_operations_before_tax,income_statement.income_loss_from_discontinued_operations_net_of_tax,income_statement.income_loss_from_discontinued_operations_net_of_tax_adjustment_to_prior_year_gain_loss_on_disposal,income_statement.income_loss_from_discontinued_operations_net_of_tax_during_phase_out,income_statement.income_loss_from_discontinued_operations_net_of_tax_gain_loss_on_disposal,income_statement.income_loss_from_discontinued_operations_net_of_tax_provision_for_gain_loss_on_disposal,income_statement.income_loss_from_equity_method_investments,income_statement.income_tax_expense_benefit,income_statement.income_tax_expense_benefit_current,income_statement.income_tax_expense_benefit_deferred,income_statement.interest_and_debt_expense,income_statement.interest_and_dividend_income_operating,income_statement.interest_expense_operating,income_statement.interest_income_expense_after_provision_for_losses,income_statement.interest_income_expense_operating_net,income_statement.noninterest_expense,income_statement.noninterest_income,income_statement.provision_for_loan_lease_and_other_losses,income_statement.net_income_loss,income_statement.net_income_loss_attributable_to_noncontrolling_interest,income_statement.net_income_loss_attributable_to_nonredeemable_noncontrolling_interest,income_statement.net_income_loss_attributable_to_parent,income_statement.net_income_loss_attributable_to_redeemable_noncontrolling_interest,income_statement.net_income_loss_available_to_common_stockholders_basic,income_statement.participating_securities_distributed_and_undistributed_earnings_loss_basic,income_statement.undistributed_earnings_loss_allocated_to_participating_securities_basic,income_statement.preferred_stock_dividends_and_other_adjustments,income_statement.basic_earnings_per_share,income_statement.diluted_earnings_per_share,income_statement.basic_average_shares,income_statement.diluted_average_shares,income_statement.common_stock_dividends,balance_sheet.assets,balance_sheet.current_assets,balance_sheet.cash,balance_sheet.accounts_receivable,balance_sheet.inventory,balance_sheet.prepaid_expenses,balance_sheet.other_current_assets,balance_sheet.noncurrent_assets,balance_sheet.long_term_investments,balance_sheet.fixed_assets,balance_sheet.intangible_assets,balance_sheet.noncurrent_prepaid_expense,balance_sheet.other_noncurrent_assets,balance_sheet.liabilities,balance_sheet.current_liabilities,balance_sheet.accounts_payable,balance_sheet.interest_payable,balance_sheet.wages,balance_sheet.other_current_liabilities,balance_sheet.noncurrent_liabilities,balance_sheet.long_term_debt,balance_sheet.other_noncurrent_liabilities,balance_sheet.commitments_and_contingencies,balance_sheet.redeemable_noncontrolling_interest,balance_sheet.redeemable_noncontrolling_interest_common,balance_sheet.redeemable_noncontrolling_interest_other,balance_sheet.redeemable_noncontrolling_interest_preferred,balance_sheet.equity,balance_sheet.equity_attributable_to_noncontrolling_interest,balance_sheet.equity_attributable_to_parent,balance_sheet.temporary_equity,balance_sheet.temporary_equity_attributable_to_parent,balance_sheet.liabilities_and_equity,cash_flow_statement.net_cash_flow_from_operating_activities,cash_flow_statement.net_cash_flow_from_operating_activities_continuing,cash_flow_statement.net_cash_flow_from_operating_activities_discontinued,cash_flow_statement.net_cash_flow_from_investing_activities,cash_flow_statement.net_cash_flow_from_investing_activities_continuing,cash_flow_statement.net_cash_flow_from_investing_activities_discontinued,cash_flow_statement.net_cash_flow_from_financing_activities,cash_flow_statement.net_cash_flow_from_financing_activities_continuing,cash_flow_statement.net_cash_flow_from_financing_activities_discontinued,cash_flow_statement.exchange_gains_losses,cash_flow_statement.net_cash_flow,cash_flow_statement.net_cash_flow_continuing,cash_flow_statement.net_cash_flow_discontinued,comprehensive_income.comprehensive_income_loss,comprehensive_income.comprehensive_income_loss_attributable_to_noncontrolling_interest,comprehensive_income.comprehensive_income_loss_attributable_to_parent,comprehensive_income.other_comprehensive_income_loss,comprehensive_income.other_comprehensive_income_loss_attributable_to_noncontrolling_interest,comprehensive_income.other_comprehensive_income_loss_attributable_to_parent
CIEN,2025-03-12,2025,Q1,2024-11-03,2025-02-01,https://api.polygon.io/v1/reference/sec/filings/0000936395-25-000011,1072260000.0,1003666000.0,600439000.0,,,1003666000.0,471821000.0,,,391158000.0,,,192663000.0,198495000.0,80663000.0,,,44572000.0,68594000.0,,,,,,,24022000.0,,,,,,,,,,,44572000.0,0.0,,44572000.0,,44572000.0,0,,0,0.31,0.31,142880000.0,145944000.0,,5572902000.0,3491711000.0,,,845132000.0,,2646579000.0,2081191000.0,,,156205000.0,,1924986000.0,2779523000.0,956517000.0,395770000.0,,,560747000.0,1823006000.0,,,,,,,,2793379000.0,0,2793379000.0,,,5572902000.0,103723000.0,103723000.0,,-67090000.0,-67090000.0,,-93457000.0,-93457000.0,,-3289000.0,-60113000.0,-56824000.0,,23994000.0,0,23994000.0,23994000.0,,-20578000.0
CIEN,2024-09-04,2024,Q3,2024-04-28,2024-07-27,https://api.polygon.io/v1/reference/sec/filings/0000936395-24-000032,942308000.0,925953000.0,538363000.0,,,925953000.0,403945000.0,,,377202000.0,,,188888000.0,188314000.0,26743000.0,,,14230000.0,16355000.0,,,,,,,2125000.0,,,,,,,,,,,14230000.0,0.0,,14230000.0,,14230000.0,0,,0,0.1,0.1,144394000.0,145361000.0,,5575130000.0,3538459000.0,,,937399000.0,,2601060000.0,2036671000.0,,,174974000.0,,1861697000.0,2684258000.0,870559000.0,316599000.0,,,553960000.0,1813699000.0,,,,,,,,2890872000.0,0,2890872000.0,,,5575130000.0,-159377000.0,-159377000.0,,-18844000.0,-18844000.0,,-28545000.0,-28545000.0,,-1160000.0,-207926000.0,-206766000.0,,-4233000.0,0,-4233000.0,-4233000.0,,-18463000.0
CIEN,2024-06-06,2024,Q2,2024-01-28,2024-04-27,https://api.polygon.io/v1/reference/sec/filings/0000936395-24-000025,910826000.0,926855000.0,522165000.0,,,926855000.0,388661000.0,,,392626000.0,,,195380000.0,197246000.0,-3965000.0,,,-16849000.0,-16029000.0,,,,,,,820000.0,,,,,23861000.0,,,,,,-16849000.0,0.0,,-16849000.0,,-16849000.0,0,,0,-0.12,-0.12,144914000.0,144914000.0,,5614803000.0,3541347000.0,,,1022615000.0,,2518732000.0,2073456000.0,,,184941000.0,,1888515000.0,2734547000.0,912191000.0,332106000.0,,,580085000.0,1822356000.0,,,,,,,,2880256000.0,0,2880256000.0,,,5614803000.0,58473000.0,58473000.0,,-156835000.0,-156835000.0,,-73117000.0,-73117000.0,,-1987000.0,-173466000.0,-171479000.0,,-13712000.0,0,-13712000.0,-13712000.0,,3137000.0
CIEN,2024-03-07,2024,Q1,2023-10-29,2024-01-27,https://api.polygon.io/v1/reference/sec/filings/0000936395-24-000008,1037709000.0,966206000.0,570747000.0,,,966206000.0,466962000.0,,,382333000.0,,,187269000.0,195064000.0,84629000.0,,,49547000.0,71503000.0,,,,,,,21956000.0,,,,,23776000.0,,,,,,49547000.0,0.0,,49547000.0,,49547000.0,0,,0,0.34,0.34,145291000.0,145848000.0,,5593210000.0,3608747000.0,,,984886000.0,,2623861000.0,1984463000.0,,,195682000.0,,1788781000.0,2669711000.0,841306000.0,316094000.0,,,525212000.0,1828405000.0,,,,,,,,2923499000.0,0,2923499000.0,,,5593210000.0,266076000.0,266076000.0,,18133000.0,18133000.0,,-34720000.0,-34720000.0,,4646000.0,254135000.0,249489000.0,,62447000.0,0,62447000.0,62447000.0,,12900000.0
CIEN,2023-12-15,2023,FY,2022-10-30,2023-10-28,https://api.polygon.io/v1/reference/sec/filings/0000936395-23-000044,4386549000.0,4062896000.0,2507698000.0,,,4062896000.0,1878851000.0,,,1521306000.0,,,750559000.0,770747000.0,357545000.0,,,254827000.0,323653000.0,,,,,,,68826000.0,83678000.0,-14852000.0,,,88026000.0,,,,,,254827000.0,0.0,,254827000.0,,254827000.0,0,,0,1.71,1.71,148971000.0,149380000.0,,5601495000.0,3575779000.0,,,1050838000.0,,2524941000.0,2025716000.0,,,205627000.0,,1820089000.0,2753134000.0,932021000.0,317828000.0,,,614193000.0,1821113000.0,,,,,,,,2848361000.0,0,2848361000.0,,,5601495000.0,168332000.0,168332000.0,,-383454000.0,-383454000.0,,229380000.0,229380000.0,,2150000.0,16408000.0,14258000.0,,263705000.0,0,263705000.0,8878000.0,,8878000.0
CIEN,2023-09-06,2023,Q3,2023-04-30,2023-07-29,https://api.polygon.io/v1/reference/sec/filings/0000936395-23-000034,1067886000.0,1003545000.0,618945000.0,,,1003545000.0,448941000.0,,,370727000.0,,,189392000.0,181335000.0,78214000.0,,,29733000.0,64341000.0,,,,,,,34608000.0,,,,,24060000.0,,,,,,29733000.0,0.0,,29733000.0,,29733000.0,0,,0,0.2,0.2,149690000.0,149977000.0,,5723214000.0,3811352000.0,,,1192522000.0,,2618830000.0,1911862000.0,,,219085000.0,,1692777000.0,2776207000.0,965741000.0,393144000.0,,,572597000.0,1810466000.0,,,,,,,,2947007000.0,0,2947007000.0,,,5723214000.0,8688000.0,8688000.0,,-8066000.0,-8066000.0,,-53029000.0,-53029000.0,,2634000.0,-49773000.0,-52407000.0,,57710000.0,0,57710000.0,57710000.0,,27977000.0
CIEN,2023-06-07,2023,Q2,2023-01-29,2023-04-29,https://api.polygon.io/v1/reference/sec/filings/0000936395-23-000027,1132655000.0,1045180000.0,644972000.0,,,1045180000.0,487683000.0,,,384870000.0,,,189993000.0,194877000.0,102813000.0,,,57654000.0,87475000.0,,,,,,,29821000.0,,,,,23889000.0,,,,,,57654000.0,0.0,,57654000.0,,57654000.0,0,,0,0.39,0.38,149616000.0,150147000.0,,5775638000.0,3868626000.0,,,1098092000.0,,2770534000.0,1907012000.0,,,231314000.0,,1675698000.0,2866985000.0,1057929000.0,444769000.0,,,613160000.0,1809056000.0,,,,,,,,2908653000.0,0,2908653000.0,,,5775638000.0,229811000.0,229811000.0,,-101029000.0,-101029000.0,,-12619000.0,-12619000.0,,-3017000.0,113146000.0,116163000.0,,47198000.0,0,47198000.0,47198000.0,,-10456000.0
CIEN,2023-03-08,2023,Q1,2022-10-30,2023-01-28,https://api.polygon.io/v1/reference/sec/filings/0000936395-23-000014,1056521000.0,955202000.0,600575000.0,,,955202000.0,455946000.0,,,370730000.0,,,181730000.0,189000000.0,85216000.0,,,76241000.0,101319000.0,,,,,,,25078000.0,,,,,15870000.0,,,,,,76241000.0,0.0,,76241000.0,,76241000.0,0,,0,0.51,0.51,149081000.0,149551000.0,,5672497000.0,3762569000.0,,,1178089000.0,,2584480000.0,1909928000.0,,,244648000.0,,1665280000.0,2834202000.0,1018210000.0,478486000.0,,,539724000.0,1815992000.0,,,,,,,,2838295000.0,0,2838295000.0,,,5672497000.0,-265639000.0,-265639000.0,,-176241000.0,-176241000.0,,492194000.0,492194000.0,,9884000.0,60198000.0,50314000.0,,93587000.0,0,93587000.0,93587000.0,,17346000.0
CIEN,2022-12-16,2022,FY,2021-10-31,2022-10-29,https://api.polygon.io/v1/reference/sec/filings/0000936395-22-000065,3632661000.0,3450156000.0,2072317000.0,,,3450156000.0,1560344000.0,,,1337536000.0,,,624656000.0,712880000.0,222808000.0,,,152902000.0,182505000.0,,,,,,,29603000.0,57105000.0,-27502000.0,,,47050000.0,,,,,,152902000.0,0.0,,152902000.0,,152902000.0,0,,0,1.01,1.0,151208000.0,152193000.0,,5069632000.0,3385896000.0,,,946730000.0,,2439166000.0,1683736000.0,,,69517000.0,,1614219000.0,2356771000.0,1040583000.0,516047000.0,,,524536000.0,1316188000.0,,,,,,,,2712861000.0,0,2712861000.0,,,5069632000.0,-167756000.0,-167756000.0,,-101248000.0,-101248000.0,,-133055000.0,-133055000.0,,-26167000.0,-428226000.0,-402059000.0,,105818000.0,0,105818000.0,-47084000.0,,-47084000.0
CIEN,2022-09-07,2022,Q3,2022-05-01,2022-07-30,https://api.polygon.io/v1/reference/sec/filings/0000936395-22-000053,867981000.0,853150000.0,527202000.0,,,853150000.0,340779000.0,,,313672000.0,,,150025000.0,163647000.0,27107000.0,,,10512000.0,14831000.0,,,,,,,4319000.0,,,,,12642000.0,,,,,,10512000.0,0.0,,10512000.0,,10512000.0,0,,0,0.07,0.07,149862000.0,150463000.0,,4900782000.0,3188376000.0,,,826673000.0,,2361703000.0,1712406000.0,,,76918000.0,,1635488000.0,2233046000.0,915342000.0,439229000.0,,,476113000.0,1317704000.0,,,,,,,,2667736000.0,0,2667736000.0,,,4900782000.0,-205390000.0,-205390000.0,,196298000.0,196298000.0,,-147169000.0,-147169000.0,,-3973000.0,-160234000.0,-156261000.0,,4692000.0,0,4692000.0,4692000.0,,-5820000.0
CIEN,2022-06-08,2022,Q2,2022-01-30,2022-04-30,https://api.polygon.io/v1/reference/sec/filings/0000936395-22-000045,949227000.0,901975000.0,547446000.0,,,901975000.0,401781000.0,,,343352000.0,,,159324000.0,184028000.0,58429000.0,,,38922000.0,47252000.0,,,,,,,8330000.0,,,,,11985000.0,,,,,,38922000.0,0.0,,38922000.0,,38922000.0,0,,0,0.26,0.25,152197000.0,153344000.0,,4964129000.0,3228533000.0,,,536878000.0,,2691655000.0,1735596000.0,,,88956000.0,,1646640000.0,2181707000.0,868758000.0,352999000.0,,,515759000.0,1312949000.0,,,,,,,,2782422000.0,0,2782422000.0,,,4964129000.0,106552000.0,106552000.0,,-102173000.0,-102173000.0,,-97577000.0,-97577000.0,,-5548000.0,-98746000.0,-93198000.0,,37768000.0,0,37768000.0,37768000.0,,-1154000.0
CIEN,2022-03-09,2022,Q1,2021-10-31,2022-01-29,https://api.polygon.io/v1/reference/sec/filings/0000936395-22-000029,844443000.0,789401000.0,460256000.0,,,789401000.0,384187000.0,,,324183000.0,,,148409000.0,175774000.0,60004000.0,,,45823000.0,55042000.0,,,,,,,9219000.0,,,,,8648000.0,,,,,,45823000.0,0.0,,45823000.0,,45823000.0,0,,0,0.3,0.29,154151000.0,155807000.0,,4900362000.0,3164114000.0,,,457604000.0,,2706510000.0,1736248000.0,,,101026000.0,,1635222000.0,2085572000.0,760328000.0,310107000.0,,,450221000.0,1325244000.0,,,,,,,,2814790000.0,0,2814790000.0,,,4900362000.0,-54411000.0,-54411000.0,,-380959000.0,-380959000.0,,134719000.0,134719000.0,,-3259000.0,-303910000.0,-300651000.0,,30479000.0,0,30479000.0,30479000.0,,-15344000.0
CIEN,2021-12-17,2021,FY,2020-11-01,2021-10-30,https://api.polygon.io/v1/reference/sec/filings/0000936395-21-000054,3620684000.0,3157933000.0,1898705000.0,,,3157933000.0,1721979000.0,,,1226623000.0,,,536666000.0,689957000.0,495356000.0,,,500196000.0,462751000.0,,,,,,,-37445000.0,119024000.0,-156469000.0,,,30837000.0,,,,,,500196000.0,0.0,,500196000.0,,500196000.0,0,,0,3.22,3.19,155279000.0,156743000.0,,4865227000.0,3188906000.0,,,374265000.0,,2814641000.0,1676321000.0,,,65314000.0,,1611007000.0,1845209000.0,909030000.0,356176000.0,,,552854000.0,936179000.0,,,,,,,,3020018000.0,0,3020018000.0,,,4865227000.0,541646000.0,541646000.0,,-90717000.0,-90717000.0,,-116835000.0,-116835000.0,,-198000.0,333896000.0,334094000.0,,535993000.0,0,535993000.0,35797000.0,,35797000.0
CIEN,2021-09-08,2021,Q3,2021-05-02,2021-07-31,https://api.polygon.io/v1/reference/sec/filings/0000936395-21-000040,988141000.0,846599000.0,513591000.0,,,846599000.0,474550000.0,,,326027000.0,,,146225000.0,179802000.0,148523000.0,,141542000.0,238232000.0,141542000.0,,,,,,,-96690000.0,,,,,7776000.0,,,,,,238232000.0,0.0,,238232000.0,,238232000.0,0,,0,1.53,1.52,155271000.0,156744000.0,,4655868000.0,2984133000.0,,,370170000.0,,2613963000.0,1671735000.0,,,73974000.0,,1597761000.0,1731632000.0,827091000.0,301606000.0,,,525485000.0,904541000.0,,,,,,,,2924236000.0,0,2924236000.0,,,4655868000.0,69097000.0,69097000.0,,-17940000.0,-17940000.0,,-22351000.0,-22351000.0,,-1352000.0,27454000.0,28806000.0,,228242000.0,0,228242000.0,228242000.0,,-9990000.0
CIEN,2021-06-09,2021,Q2,2021-01-31,2021-05-01,https://api.polygon.io/v1/reference/sec/filings/0000936395-21-000034,833927000.0,709357000.0,421508000.0,,,709357000.0,412419000.0,,,278790000.0,,,110246000.0,168544000.0,133629000.0,,124570000.0,103117000.0,124570000.0,,,,,,,21453000.0,,,,,7785000.0,,,,,,103117000.0,0.0,,103117000.0,,103117000.0,0,,0,0.66,0.66,155331000.0,156876000.0,,4388013000.0,2794453000.0,,,401233000.0,,2393220000.0,1593560000.0,,,82879000.0,,1510681000.0,1694750000.0,782676000.0,279247000.0,,,503429000.0,912074000.0,,,,,,,,2693263000.0,0,2693263000.0,,,4388013000.0,224978000.0,224978000.0,,-13855000.0,-13855000.0,,-37204000.0,-37204000.0,,-183000.0,173736000.0,173919000.0,,120025000.0,0,120025000.0,120025000.0,,16908000.0
CIEN,2021-03-10,2021,Q1,2020-11-01,2021-01-30,https://api.polygon.io/v1/reference/sec/filings/0000936395-21-000010,757130000.0,689816000.0,399239000.0,,,689816000.0,357891000.0,,,282096000.0,,,132741000.0,149355000.0,75795000.0,,67314000.0,55348000.0,67314000.0,,,,,,,11966000.0,,,,,7360000.0,,,,,,55348000.0,0.0,,55348000.0,,55348000.0,0,,0,0.36,0.35,155174000.0,156583000.0,,4186897000.0,2596539000.0,,,389733000.0,,2206806000.0,1590358000.0,,,91516000.0,,1498842000.0,1600384000.0,684767000.0,247241000.0,,,437526000.0,915617000.0,,,,,,,,2586513000.0,0,2586513000.0,,,4186897000.0,-7319000.0,-7319000.0,,-34323000.0,-34323000.0,,-20635000.0,-20635000.0,,2879000.0,-59398000.0,-62277000.0,,79159000.0,0,79159000.0,79159000.0,,23811000.0
CIEN,2020-12-18,2020,FY,2019-11-03,2020-10-31,https://api.polygon.io/v1/reference/sec/filings/0000936395-20-000042,3532157000.0,3076196000.0,1879266000.0,,,3076196000.0,1652891000.0,,,1165927000.0,,,529888000.0,636039000.0,486964000.0,,455961000.0,361291000.0,455961000.0,,,,,,,94670000.0,30331000.0,64339000.0,,,31321000.0,,,,,,361291000.0,0.0,,361291000.0,,361291000.0,0,,0,2.34,2.32,154287000.0,155955000.0,,4180917000.0,2611159000.0,,,344379000.0,,2266780000.0,1569758000.0,,,96647000.0,,1473111000.0,1671320000.0,760701000.0,291904000.0,,,468797000.0,910619000.0,,,,,,,,2509597000.0,0,2509597000.0,,,4180917000.0,493654000.0,493654000.0,,-220242000.0,-220242000.0,,-87222000.0,-87222000.0,,-1643000.0,184547000.0,186190000.0,,348017000.0,0,348017000.0,-13274000.0,,-13274000.0
CIEN,2020-09-09,2020,Q3,2020-05-03,2020-08-01,https://api.polygon.io/v1/reference/sec/filings/0000936395-20-000036,976712000.0,795695000.0,512031000.0,,,795695000.0,464681000.0,,,276645000.0,,,130221000.0,146424000.0,188036000.0,,181017000.0,142267000.0,181017000.0,,,,,,,38750000.0,,,,,7251000.0,,,,,,142267000.0,0.0,,142267000.0,,142267000.0,0,,0,0.92,0.91,154184000.0,156318000.0,,4055188000.0,2567883000.0,,,363600000.0,,2204283000.0,1487305000.0,,,106182000.0,,1381123000.0,1626321000.0,720491000.0,297163000.0,,,423328000.0,905830000.0,,,,,,,,2428867000.0,0,2428867000.0,,,4055188000.0,175429000.0,175429000.0,,22063000.0,22063000.0,,5187000.0,5187000.0,,3350000.0,206029000.0,202679000.0,,163464000.0,0,163464000.0,163464000.0,,21197000.0
CIEN,2020-06-10,2020,Q2,2020-02-02,2020-05-02,https://api.polygon.io/v1/reference/sec/filings/0000936395-20-000028,894053000.0,777090000.0,480727000.0,,,777090000.0,413326000.0,,,285838000.0,,,131530000.0,154308000.0,127488000.0,,116963000.0,91655000.0,116963000.0,,,,,,,25308000.0,,,,,7860000.0,,,,,,91655000.0,0.0,,91655000.0,,91655000.0,0,,0,0.6,0.59,153858000.0,155141000.0,,3856762000.0,2340211000.0,,,325753000.0,,2014458000.0,1516551000.0,,,115536000.0,,1401015000.0,1616186000.0,712986000.0,292164000.0,,,420822000.0,903200000.0,,,,,,,,2240576000.0,0,2240576000.0,,,3856762000.0,91166000.0,91166000.0,,-3562000.0,-3562000.0,,-32924000.0,-32924000.0,,-4233000.0,50447000.0,54680000.0,,57980000.0,0,57980000.0,57980000.0,,-33675000.0
CIEN,2020-03-11,2020,Q1,2019-11-01,2020-01-31,https://api.polygon.io/v1/reference/sec/filings/0000936395-20-000011,832912000.0,760770000.0,462377000.0,,,760770000.0,370535000.0,,,292578000.0,,,130900000.0,161678000.0,77957000.0,,72142000.0,62328000.0,72142000.0,,,,,,,9814000.0,,,,,8815000.0,,,,,,62328000.0,0.0,,62328000.0,,62328000.0,0,,0,0.4,0.4,154334000.0,155738000.0,,3830887000.0,2266444000.0,,,342673000.0,,1923771000.0,1564443000.0,,,125640000.0,,1438803000.0,1637237000.0,733086000.0,311748000.0,,,421338000.0,904151000.0,,,,,,,,2193650000.0,0,2193650000.0,,,3830887000.0,39764000.0,39764000.0,,-54926000.0,-54926000.0,,-51017000.0,-51017000.0,,-643000.0,-66822000.0,-66179000.0,,56701000.0,0,56701000.0,-5627000.0,,-5627000.0
CIEN,2019-12-20,2019,FY,2018-11-01,2019-10-31,https://api.polygon.io/v1/reference/sec/filings/0000936395-19-000056,3572131000.0,3258941000.0,2030065000.0,,,3258941000.0,1542066000.0,,,1195300000.0,,,548139000.0,647161000.0,346766000.0,,313190000.0,253434000.0,313190000.0,,,,,,,59756000.0,39904000.0,19852000.0,,,37452000.0,,,,,,253434000.0,0.0,,253434000.0,,253434000.0,0,,0,1.63,1.61,155720000.0,157612000.0,,3893346000.0,2381802000.0,,,345049000.0,,2036753000.0,1511544000.0,,286884000.0,112781000.0,,1111879000.0,1720585000.0,845940000.0,344819000.0,,,501121000.0,874645000.0,,,,,,,,2172761000.0,0,2172761000.0,,,3893346000.0,413140000.0,413140000.0,,24077000.0,24077000.0,,-278966000.0,-278966000.0,,476000.0,158727000.0,158251000.0,,237130000.0,0,237130000.0,-16304000.0,,-16304000.0
CIEN,2019-09-11,2019,Q3,2019-05-01,2019-07-31,https://api.polygon.io/v1/reference/sec/filings/0000936395-19-000040,960606000.0,843659000.0,536254000.0,,,843659000.0,424352000.0,,,299051000.0,,,139880000.0,159171000.0,125301000.0,,116947000.0,86749000.0,116947000.0,,,,,,,30198000.0,,,,,9404000.0,,,,,,86749000.0,0.0,,86749000.0,,86749000.0,0,,0,0.56,0.55,155488000.0,157455000.0,,3775708000.0,2291232000.0,,,356818000.0,,1934414000.0,1484476000.0,,280630000.0,121270000.0,,1082576000.0,1656324000.0,791035000.0,356716000.0,,,434319000.0,865289000.0,,,,,,,,2119384000.0,0,2119384000.0,,,3775708000.0,83115000.0,83115000.0,,-13892000.0,-13892000.0,,-43760000.0,-43760000.0,,168000.0,25631000.0,25463000.0,,82191000.0,0,82191000.0,82191000.0,,-4558000.0
CIEN,2019-06-12,2019,Q2,2019-02-01,2019-04-30,https://api.polygon.io/v1/reference/sec/filings/0000936395-19-000021,865011000.0,794406000.0,490334000.0,,,794406000.0,374677000.0,,,294357000.0,,,137969000.0,156388000.0,80320000.0,,70605000.0,52738000.0,70605000.0,,,,,,,17867000.0,,,,,9471000.0,,,,,,52738000.0,0.0,,52738000.0,,52738000.0,0,,0,0.34,0.33,156170000.0,158289000.0,,3686778000.0,2178168000.0,,,359417000.0,,1818751000.0,1508610000.0,,282022000.0,129971000.0,,1096617000.0,1623579000.0,769379000.0,366932000.0,,,402447000.0,854200000.0,,,,,,,,2063199000.0,0,2063199000.0,,,3686778000.0,104117000.0,104117000.0,,-19752000.0,-19752000.0,,-53556000.0,-53556000.0,,-471000.0,30338000.0,30809000.0,,44172000.0,0,44172000.0,44172000.0,,-8566000.0
CIEN,2019-03-11,2019,Q1,2018-11-01,2019-01-31,https://api.polygon.io/v1/reference/sec/filings/0000936395-19-000010,778527000.0,735772000.0,455186000.0,,,735772000.0,323341000.0,,,275398000.0,,,128633000.0,146765000.0,47943000.0,,42755000.0,33616000.0,42755000.0,,,,,,,9139000.0,,,,,9441000.0,,,,,,33616000.0,0.0,,33616000.0,,33616000.0,0,,0,0.22,0.21,156314000.0,158174000.0,,3618106000.0,2089667000.0,,,323106000.0,,1766561000.0,1528439000.0,,288700000.0,139005000.0,,1100734000.0,1563801000.0,700760000.0,335547000.0,,,365213000.0,863041000.0,,,,,,,,2054305000.0,0,2054305000.0,,,3618106000.0,-14105000.0,-14105000.0,,69421000.0,69421000.0,,-132624000.0,-132624000.0,,695000.0,-76613000.0,-77308000.0,,28756000.0,0,28756000.0,-4860000.0,,-4860000.0
CIEN,2018-12-21,2018,FY,2017-11-01,2018-10-31,https://api.polygon.io/v1/reference/sec/filings/0000936395-18-000048,3094286000.0,2945505000.0,1779596000.0,,,2945505000.0,1314690000.0,,,1084744000.0,,,491564000.0,593180000.0,229946000.0,,148781000.0,-344690000.0,148781000.0,,,,,,,493471000.0,29840000.0,463631000.0,,,55249000.0,,,,,,-344690000.0,0.0,,-344690000.0,,-344690000.0,0,,0,-2.4,-2.49,143738000.0,143738000.0,,3756523000.0,2142602000.0,,,262751000.0,,1879851000.0,1613921000.0,,292067000.0,148225000.0,,1173629000.0,1827189000.0,963003000.0,340582000.0,,,622421000.0,864186000.0,,,,,,,,1929334000.0,0,1929334000.0,,,3756523000.0,229261000.0,229261000.0,,-19266000.0,-19266000.0,,-99229000.0,-99229000.0,,-5856000.0,104910000.0,110766000.0,,-339453000.0,0,-339453000.0,5237000.0,,5237000.0
CIEN,2018-09-05,2018,Q3,2018-05-01,2018-07-31,https://api.polygon.io/v1/reference/sec/filings/0000936395-18-000037,818817000.0,748697000.0,467274000.0,,,748697000.0,351543000.0,,,266269000.0,,,121133000.0,145136000.0,85274000.0,,70120000.0,50840000.0,70120000.0,,,,,,,19280000.0,,,,,13611000.0,,,,,,50840000.0,0.0,,50840000.0,,50840000.0,0,,0,0.35,0.34,143400000.0,159998000.0,,3622695000.0,2104476000.0,,,227885000.0,,1876591000.0,1518219000.0,,295900000.0,108302000.0,,1114017000.0,1843741000.0,1068438000.0,312611000.0,,,755827000.0,775303000.0,,,,,,,,1778954000.0,0,1778954000.0,,,3622695000.0,88105000.0,88105000.0,,15366000.0,15366000.0,,-26488000.0,-26488000.0,,-2865000.0,74118000.0,76983000.0,,47207000.0,0,47207000.0,47207000.0,,-3633000.0
CIEN,2018-06-06,2018,Q2,2018-02-01,2018-04-30,https://api.polygon.io/v1/reference/sec/filings/0000936395-18-000024,729978000.0,709647000.0,436671000.0,372568000.0,64103000.0,709647000.0,293307000.0,,,261241000.0,,,116924000.0,144317000.0,32066000.0,,20331000.0,13856000.0,20331000.0,,,,,,,6475000.0,,,,,13031000.0,,,,,,13856000.0,0.0,,13856000.0,,13856000.0,0,,0,0.1,0.09,143975000.0,147973000.0,,3506554000.0,1985422000.0,,,231338000.0,,1754084000.0,1521132000.0,,298600000.0,90573000.0,,1131959000.0,1762435000.0,989755000.0,264398000.0,,,725357000.0,772680000.0,,,,,,,,1744119000.0,0,1744119000.0,,,3506554000.0,37427000.0,37427000.0,,2925000.0,2925000.0,,-35091000.0,-35091000.0,,-2032000.0,3229000.0,5261000.0,,6409000.0,0,6409000.0,6409000.0,,-7447000.0
CIEN,2018-03-07,2018,Q1,2017-11-01,2018-01-31,https://api.polygon.io/v1/reference/sec/filings/0000936395-18-000013,646135000.0,641558000.0,374370000.0,313120000.0,61250000.0,641558000.0,271765000.0,,,255029000.0,,,118524000.0,136505000.0,16736000.0,,4577000.0,-473363000.0,4577000.0,,,,,,,477940000.0,,,,,13734000.0,,,,,,-473363000.0,0.0,,-473363000.0,,-473363000.0,0,,0,-3.29,-3.29,143922000.0,143922000.0,,3469384000.0,1923422000.0,,,255251000.0,,1668171000.0,1545962000.0,,318835000.0,96485000.0,,1130642000.0,1713244000.0,933376000.0,209243000.0,,,724133000.0,779868000.0,,,,,,,,1756140000.0,0,1756140000.0,,,3469384000.0,35703000.0,35703000.0,,-33478000.0,-33478000.0,,4991000.0,4991000.0,,1138000.0,8354000.0,7216000.0,,-459971000.0,0,-459971000.0,13392000.0,,13392000.0
CIEN,2017-12-22,2017,FY,2016-11-01,2017-10-31,https://api.polygon.io/v1/reference/sec/filings/0000936395-17-000064,2801687000.0,2645561000.0,1555901000.0,1308295000.0,247606000.0,2645561000.0,1245786000.0,,,1031064000.0,,,475329000.0,555735000.0,214722000.0,,156126000.0,1261953000.0,156126000.0,,,,,,,-1105827000.0,20905000.0,-1126732000.0,,,55852000.0,,,,,,1261953000.0,0.0,,1261953000.0,,1261953000.0,0,,0,8.89,7.53,141997000.0,169919000.0,,3951711000.0,2006311000.0,,,267143000.0,,1739168000.0,1945400000.0,,308465000.0,100997000.0,,1535938000.0,1815369000.0,1037743000.0,260098000.0,,,777645000.0,777626000.0,392972000.0,384654000.0,,,,,,2136342000.0,0,2136342000.0,,,3951711000.0,234882000.0,234882000.0,,-61427000.0,-61427000.0,,-311051000.0,-311051000.0,,494000.0,-137102000.0,-137596000.0,,1275265000.0,0,1275265000.0,13312000.0,,13312000.0
CIEN,2017-09-07,2017,Q3,2017-05-01,2017-07-31,https://api.polygon.io/v1/reference/sec/filings/0000936395-17-000051,728719000.0,660983000.0,400643000.0,341197000.0,59446000.0,660983000.0,328076000.0,,,246077000.0,,,117729000.0,128348000.0,81999000.0,,67736000.0,60010000.0,67736000.0,,,,,,,7726000.0,,,,,13415000.0,,,,,,60010000.0,0.0,,60010000.0,,60010000.0,0,,0,0.42,0.39,142464000.0,172112000.0,,2736660000.0,1923135000.0,,,276421000.0,,1646714000.0,813525000.0,,314850000.0,106990000.0,,391685000.0,1792350000.0,657616000.0,258358000.0,,,399258000.0,1134734000.0,393674000.0,741060000.0,,,,,,944310000.0,0,944310000.0,,,2736660000.0,50597000.0,50597000.0,,55704000.0,55704000.0,,-176330000.0,-176330000.0,,946000.0,-69083000.0,-70029000.0,,75701000.0,0,75701000.0,75701000.0,,15691000.0
CIEN,2017-06-07,2017,Q2,2017-02-01,2017-04-30,https://api.polygon.io/v1/reference/sec/filings/0000936395-17-000038,707022000.0,665428000.0,388782000.0,327295000.0,61487000.0,665428000.0,318240000.0,,,260420000.0,,,121623000.0,138797000.0,57820000.0,,41594000.0,38026000.0,41594000.0,,,,,,,3568000.0,,,,,13308000.0,,,,,,38026000.0,0.0,,38026000.0,,38026000.0,0,,0,0.27,0.25,141743000.0,165273000.0,,2777103000.0,1942250000.0,,,287073000.0,,1655177000.0,834853000.0,,299792000.0,113245000.0,,421816000.0,1930558000.0,806773000.0,249556000.0,,,557217000.0,1123785000.0,393377000.0,730408000.0,,,,,,846545000.0,0,846545000.0,,,2777103000.0,71998000.0,71998000.0,,-42963000.0,-42963000.0,,-94911000.0,-94911000.0,,646000.0,-65230000.0,-65876000.0,,35011000.0,0,35011000.0,35011000.0,,-3015000.0
CIEN,2017-03-08,2017,Q1,2016-11-01,2017-01-31,https://api.polygon.io/v1/reference/sec/filings/0000936395-17-000020,621497000.0,617226000.0,347712000.0,286811000.0,60901000.0,617226000.0,273785000.0,,,254681000.0,,,116869000.0,137812000.0,19104000.0,,4271000.0,3861000.0,4271000.0,,,,,,,410000.0,,,,,15203000.0,,,,,,3861000.0,0.0,,3861000.0,,3861000.0,0,,0,0.03,0.03,140682000.0,142184000.0,,2860094000.0,1998052000.0,,,284595000.0,,1713457000.0,862042000.0,,293150000.0,127847000.0,,441045000.0,2061201000.0,841561000.0,273513000.0,,,568048000.0,1219640000.0,,,,,,,,798893000.0,0,798893000.0,,,2860094000.0,-26250000.0,-26250000.0,,-20163000.0,-20163000.0,,-37193000.0,-37193000.0,,-156000.0,-83762000.0,-83606000.0,,10019000.0,0,10019000.0,10019000.0,,6158000.0
CIEN,2016-12-21,2016,FY,2015-11-01,2016-10-31,https://api.polygon.io/v1/reference/sec/filings/0000936395-16-000128,2600573000.0,2513855000.0,1438997000.0,1176304000.0,262693000.0,2513855000.0,1161576000.0,,,1005407000.0,,,451794000.0,553613000.0,156169000.0,,86718000.0,72584000.0,86718000.0,,,,,,,14134000.0,15250000.0,-1116000.0,,,56656000.0,,,,,,709782000.0,637198000.0,,72584000.0,,72584000.0,0,,0,0.52,0.51,138312000.0,150704000.0,,2882442000.0,2013192000.0,,,211251000.0,,1801941000.0,869250000.0,,288406000.0,146711000.0,,434133000.0,2116101000.0,891862000.0,235942000.0,,,655920000.0,1224239000.0,,,,,,,,766341000.0,0,766341000.0,,,2882442000.0,289520000.0,289520000.0,,-296259000.0,-296259000.0,,-4228000.0,-4228000.0,,-2389000.0,-13356000.0,-10967000.0,,70381000.0,0,70381000.0,-2203000.0,,-2203000.0
CIEN,2016-09-07,2016,Q3,2016-05-01,2016-07-31,https://api.polygon.io/v1/reference/sec/filings/0000936395-16-000115,670550000.0,633140000.0,362065000.0,299381000.0,62684000.0,633140000.0,308485000.0,,,251461000.0,,,116697000.0,134764000.0,57024000.0,,37410000.0,33546000.0,37410000.0,,,,,,,3864000.0,,,,,15967000.0,,,,,,191788000.0,158242000.0,,33546000.0,,33546000.0,0,,0,0.24,0.23,138881000.0,169349000.0,,3043658000.0,2150174000.0,,,221598000.0,,1928576000.0,893484000.0,,272955000.0,165169000.0,,455360000.0,2322099000.0,1103276000.0,232736000.0,,,870540000.0,1218823000.0,,,,,,,,721559000.0,0,721559000.0,,,3043658000.0,77127000.0,77127000.0,,-122827000.0,-122827000.0,,-20368000.0,-20368000.0,,-1047000.0,-67115000.0,-66068000.0,,27775000.0,0,27775000.0,-164013000.0,,-5771000.0
CIEN,2016-06-08,2016,Q2,2016-02-01,2016-04-30,https://api.polygon.io/v1/reference/sec/filings/0000936395-16-000104,640717000.0,624125000.0,357624000.0,291778000.0,65846000.0,624125000.0,283093000.0,,,254860000.0,,,114603000.0,140257000.0,28233000.0,,16592000.0,13997000.0,16592000.0,,,,,,,2595000.0,,,,,12608000.0,,,,,,168490000.0,154493000.0,,13997000.0,,13997000.0,0,,0,0.1,0.1,137950000.0,138889000.0,,2981583000.0,2078049000.0,,,190861000.0,,1887188000.0,903534000.0,,248649000.0,184920000.0,,469965000.0,2312571000.0,630132000.0,225237000.0,,,404895000.0,1682439000.0,,,,,,,,669012000.0,0,669012000.0,,,2981583000.0,60702000.0,60702000.0,,-45841000.0,-45841000.0,,244100000.0,244100000.0,,2751000.0,261712000.0,258961000.0,,26154000.0,0,26154000.0,-142336000.0,,12157000.0
CIEN,2016-03-09,2016,Q1,2015-11-01,2016-01-31,https://api.polygon.io/v1/reference/sec/filings/0000936395-16-000083,573115000.0,583362000.0,321665000.0,260482000.0,61183000.0,583362000.0,251450000.0,,,240211000.0,,,108046000.0,132165000.0,11239000.0,,-10247000.0,-11546000.0,-10247000.0,,,,,,,1299000.0,,,,,12710000.0,,,,,,143404000.0,154950000.0,,-11546000.0,,-11546000.0,0,,0,-0.08,-0.08,136675000.0,136675000.0,,2589315000.0,1751020000.0,,,205664000.0,,1545356000.0,838295000.0,,199561000.0,,,638734000.0,1962288000.0,555229000.0,183852000.0,,,371377000.0,1407059000.0,,,,,,,,627027000.0,0,627027000.0,,,2589315000.0,14980000.0,14980000.0,,-134037000.0,-134037000.0,,-8193000.0,-8193000.0,,-3400000.0,-130650000.0,-127250000.0,,-17196000.0,0,-17196000.0,-160600000.0,,-5650000.0
CIEN,2015-12-21,2015,FY,2014-11-01,2015-10-31,https://api.polygon.io/v1/reference/sec/filings/0000936395-15-000062,2445669000.0,2421905000.0,1370106000.0,1120373000.0,249733000.0,2421905000.0,1075563000.0,,,975115000.0,,,414201000.0,560914000.0,100448000.0,,23764000.0,11667000.0,23764000.0,,,,,,,12097000.0,12097000.0,0.0,,,51179000.0,,,,,,661362000.0,649695000.0,,11667000.0,,11667000.0,0,,0,0.1,0.1,118416000.0,120101000.0,,2695051000.0,1864210000.0,,,191162000.0,,1673048000.0,830841000.0,,191973000.0,202673000.0,,436195000.0,2074175000.0,667034000.0,222140000.0,,,444894000.0,1407141000.0,,,,,,,,620876000.0,0,620876000.0,,,2695051000.0,262112000.0,262112000.0,,-43127000.0,-43127000.0,,-8051000.0,-8051000.0,,-6683000.0,204251000.0,210934000.0,,4209000.0,0,4209000.0,-7458000.0,,-7458000.0
CIEN,2015-09-09,2015,Q3,2015-05-01,2015-07-31,https://api.polygon.io/v1/reference/sec/filings/0000936395-15-000053,602932000.0,575855000.0,333063000.0,273837000.0,59226000.0,575855000.0,269869000.0,,,225418000.0,,,100379000.0,125039000.0,44451000.0,,27077000.0,23625000.0,27077000.0,,,,,,,3452000.0,,,,,11883000.0,,,,,,169490000.0,145865000.0,,23625000.0,,23625000.0,0,,0,0.2,0.19,118413000.0,133233000.0,,2163695000.0,1766576000.0,,,194017000.0,,1572559000.0,397119000.0,,159592000.0,,,237527000.0,1985841000.0,591867000.0,201774000.0,,,390093000.0,1393974000.0,,,,,,,,177854000.0,0,177854000.0,,,2163695000.0,117542000.0,117542000.0,,-11867000.0,-11867000.0,,7062000.0,7062000.0,,-1984000.0,107449000.0,109433000.0,,19283000.0,0,19283000.0,-150207000.0,,-4342000.0
CIEN,2015-06-10,2015,Q2,2015-02-01,2015-04-30,https://api.polygon.io/v1/reference/sec/filings/0000936395-15-000038,621602000.0,597684000.0,349191000.0,286898000.0,62293000.0,597684000.0,272411000.0,,,229997000.0,,,105202000.0,124795000.0,42414000.0,,23918000.0,20653000.0,23918000.0,,,,,,,3265000.0,,,,,12947000.0,,,,,,167209000.0,146556000.0,,20653000.0,,20653000.0,0,,0,0.18,0.17,113555000.0,128017000.0,,2091564000.0,1682838000.0,,,214593000.0,,1468245000.0,408726000.0,,139064000.0,,,269662000.0,1952901000.0,575493000.0,210002000.0,,,365491000.0,1377408000.0,,,,,,,,138663000.0,0,138663000.0,,,2091564000.0,37804000.0,37804000.0,,-41853000.0,-41853000.0,,-7826000.0,-7826000.0,,-510000.0,-11875000.0,-11365000.0,,32818000.0,0,32818000.0,-134391000.0,,12165000.0
CIEN,2015-03-12,2015,Q4,2014-11-01,2015-01-31,https://api.polygon.io/v1/reference/sec/filings/0000936395-15-000024,529162000.0,546891000.0,298867000.0,236548000.0,62319000.0,546891000.0,230295000.0,,,226130000.0,,,100761000.0,125369000.0,4165000.0,,-17729000.0,-18779000.0,-17729000.0,,,,,,,1050000.0,,,,,13661000.0,,,,,,129534000.0,148313000.0,,-18779000.0,,-18779000.0,0,,0,-0.17,-0.17,107773000.0,107773000.0,,2056155000.0,1681367000.0,,,241118000.0,,1440249000.0,374788000.0,,119403000.0,,,255385000.0,2144730000.0,778599000.0,192109000.0,,,586490000.0,1366131000.0,,,,,,,,-88575000.0,0,-88575000.0,,,2056155000.0,22138000.0,22138000.0,,-11965000.0,-11965000.0,,4624000.0,4624000.0,,-2794000.0,14797000.0,17591000.0,,-38069000.0,0,-38069000.0,-167603000.0,,-19290000.0
