ticker,filing_date,fiscal_year,fiscal_period,start_date,end_date,source_filing_url,income_statement.revenues,income_statement.benefits_costs_expenses,income_statement.cost_of_revenue,income_statement.cost_of_revenue_goods,income_statement.cost_of_revenue_services,income_statement.costs_and_expenses,income_statement.gross_profit,income_statement.gain_loss_on_sale_properties_net_tax,income_statement.nonoperating_income_loss,income_statement.operating_expenses,income_statement.selling_general_and_administrative_expenses,income_statement.depreciation_and_amortization,income_statement.research_and_development,income_statement.other_operating_expenses,income_statement.operating_income_loss,income_statement.other_operating_income_expenses,income_statement.income_loss_before_equity_method_investments,income_statement.income_loss_from_continuing_operations_after_tax,income_statement.income_loss_from_continuing_operations_before_tax,income_statement.income_loss_from_discontinued_operations_net_of_tax,income_statement.income_loss_from_discontinued_operations_net_of_tax_adjustment_to_prior_year_gain_loss_on_disposal,income_statement.income_loss_from_discontinued_operations_net_of_tax_during_phase_out,income_statement.income_loss_from_discontinued_operations_net_of_tax_gain_loss_on_disposal,income_statement.income_loss_from_discontinued_operations_net_of_tax_provision_for_gain_loss_on_disposal,income_statement.income_loss_from_equity_method_investments,income_statement.income_tax_expense_benefit,income_statement.income_tax_expense_benefit_current,income_statement.income_tax_expense_benefit_deferred,income_statement.interest_and_debt_expense,income_statement.interest_and_dividend_income_operating,income_statement.interest_expense_operating,income_statement.interest_income_expense_after_provision_for_losses,income_statement.interest_income_expense_operating_net,income_statement.noninterest_expense,income_statement.noninterest_income,income_statement.provision_for_loan_lease_and_other_losses,income_statement.net_income_loss,income_statement.net_income_loss_attributable_to_noncontrolling_interest,income_statement.net_income_loss_attributable_to_nonredeemable_noncontrolling_interest,income_statement.net_income_loss_attributable_to_parent,income_statement.net_income_loss_attributable_to_redeemable_noncontrolling_interest,income_statement.net_income_loss_available_to_common_stockholders_basic,income_statement.participating_securities_distributed_and_undistributed_earnings_loss_basic,income_statement.undistributed_earnings_loss_allocated_to_participating_securities_basic,income_statement.preferred_stock_dividends_and_other_adjustments,income_statement.basic_earnings_per_share,income_statement.diluted_earnings_per_share,income_statement.basic_average_shares,income_statement.diluted_average_shares,income_statement.common_stock_dividends,balance_sheet.assets,balance_sheet.current_assets,balance_sheet.cash,balance_sheet.accounts_receivable,balance_sheet.inventory,balance_sheet.prepaid_expenses,balance_sheet.other_current_assets,balance_sheet.noncurrent_assets,balance_sheet.long_term_investments,balance_sheet.fixed_assets,balance_sheet.intangible_assets,balance_sheet.noncurrent_prepaid_expense,balance_sheet.other_noncurrent_assets,balance_sheet.liabilities,balance_sheet.current_liabilities,balance_sheet.accounts_payable,balance_sheet.interest_payable,balance_sheet.wages,balance_sheet.other_current_liabilities,balance_sheet.noncurrent_liabilities,balance_sheet.long_term_debt,balance_sheet.other_noncurrent_liabilities,balance_sheet.commitments_and_contingencies,balance_sheet.redeemable_noncontrolling_interest,balance_sheet.redeemable_noncontrolling_interest_common,balance_sheet.redeemable_noncontrolling_interest_other,balance_sheet.redeemable_noncontrolling_interest_preferred,balance_sheet.equity,balance_sheet.equity_attributable_to_noncontrolling_interest,balance_sheet.equity_attributable_to_parent,balance_sheet.temporary_equity,balance_sheet.temporary_equity_attributable_to_parent,balance_sheet.liabilities_and_equity,cash_flow_statement.net_cash_flow_from_operating_activities,cash_flow_statement.net_cash_flow_from_operating_activities_continuing,cash_flow_statement.net_cash_flow_from_operating_activities_discontinued,cash_flow_statement.net_cash_flow_from_investing_activities,cash_flow_statement.net_cash_flow_from_investing_activities_continuing,cash_flow_statement.net_cash_flow_from_investing_activities_discontinued,cash_flow_statement.net_cash_flow_from_financing_activities,cash_flow_statement.net_cash_flow_from_financing_activities_continuing,cash_flow_statement.net_cash_flow_from_financing_activities_discontinued,cash_flow_statement.exchange_gains_losses,cash_flow_statement.net_cash_flow,cash_flow_statement.net_cash_flow_continuing,cash_flow_statement.net_cash_flow_discontinued,comprehensive_income.comprehensive_income_loss,comprehensive_income.comprehensive_income_loss_attributable_to_noncontrolling_interest,comprehensive_income.comprehensive_income_loss_attributable_to_parent,comprehensive_income.other_comprehensive_income_loss,comprehensive_income.other_comprehensive_income_loss_attributable_to_noncontrolling_interest,comprehensive_income.other_comprehensive_income_loss_attributable_to_parent
WINA,2025-04-16,2025,Q1,2024-12-29,2025-03-29,https://api.polygon.io/v1/reference/sec/filings/0000908315-25-000020,21919700.0,8787100.0,,,,8787100.0,,,,8323100.0,7434800.0,,,888300.0,13596600.0,,,9956400.0,13132600.0,,,,,,,3176200.0,,,,,,,,,,,9956400.0,0,,9956400.0,,9956400.0,0,,0,2.81,2.71,3538647.0,3672943.0,,37062500.0,25775000.0,,,338200,881600.0,24555200.0,11287500.0,,1373400.0,,,9914100.0,83003800.0,9692400.0,1544100.0,,,8148300.0,73311400.0,,,,,,,,-45941300.0,0,-45941300.0,,,37062500.0,15078400.0,15078400.0,,-51200.0,-51200.0,,-5388200.0,-5388200.0,,,9639000.0,9639000.0,,9956400.0,0,9956400.0,9956400.0,,
WINA,2025-02-26,2024,FY,2023-12-31,2024-12-28,https://api.polygon.io/v1/reference/sec/filings/0000908315-25-000010,81289100.0,30065100.0,3379200.0,,,30065100.0,77909900.0,,,24979300.0,24944200.0,,,35100.0,52930600.0,,,39954200.0,51224000.0,,,,,,,11269800.0,11429100.0,-159300.0,,,,,,,,,39954200.0,0,,39954200.0,,39954200.0,0,,0,11.36,10.89,3516122.0,3667479.0,,26844500.0,15365600.0,,,397600,1205400.0,13762600.0,11478900.0,,1419400.0,,,10059500.0,77890600.0,5087900.0,1562000.0,,592900.0,2933000.0,72802700.0,,,,,,,,-51046100.0,0,-51046100.0,,,26844500.0,42157900.0,42157900.0,,-194900.0,-194900.0,,-43019700.0,-43019700.0,,,-1056700.0,-1056700.0,,39954200.0,0,39954200.0,39954200.0,,
WINA,2024-10-16,2024,Q3,2024-06-30,2024-09-28,https://api.polygon.io/v1/reference/sec/filings/0000908315-24-000035,21510900.0,6900000.0,,,,6900000.0,,,,6582300.0,5919800.0,,,662500.0,14928600.0,,,11120700.0,14610900.0,,,,,,,3490200.0,,,,,,,,,,,11120700.0,0,,11120700.0,,11120700.0,0,,0,3.16,3.03,3520334.0,3671121.0,,51951200.0,40502600.0,,,441800,1171600.0,38889200.0,11448600.0,,1519000.0,,,9929600.0,85695100.0,10549400.0,1600700.0,,,8948700.0,75145700.0,,,,,,,,-33743900.0,0,-33743900.0,,,51951200.0,12114000.0,12114000.0,,-4300.0,-4300.0,,-4220100.0,-4220100.0,,,7889600.0,7889600.0,,11120700.0,0,11120700.0,11120700.0,,
WINA,2024-07-17,2024,Q2,2024-03-31,2024-06-29,https://api.polygon.io/v1/reference/sec/filings/0000908315-24-000031,20120500.0,7543500.0,,,,7543500.0,,,,7102900.0,6241800.0,,,861100.0,13017600.0,,,10431400.0,12577000.0,,,,,,,2145600.0,,,,,,,,,,,10431400.0,0,,10431400.0,,10431400.0,0,,0,2.97,2.85,3513788.0,3657439.0,,44686900.0,32953600.0,,,268200,1020800.0,31664600.0,11733300.0,,1636100.0,,,10097200.0,42224700.0,11452100.0,1478700.0,,,9973400.0,75459500.0,,,,,,,,-42224700.0,0,-42224700.0,,,44686900.0,8222000.0,8222000.0,,-102700.0,-102700.0,,-1594100.0,-1594100.0,,,6525200.0,6525200.0,,10431400.0,0,10431400.0,10431400.0,,
WINA,2024-04-17,2024,Q1,2023-12-31,2024-03-30,https://api.polygon.io/v1/reference/sec/filings/0000908315-24-000023,20109500.0,8441100.0,,,,8441100.0,,,,7891300.0,6817300.0,,,1074000.0,12218200.0,,,8819000.0,11668400.0,,,,,,,2849400.0,,,,,737700.0,,,,,,8819000.0,0,,8819000.0,,8819000.0,0,,0,2.52,2.41,3497261.0,3661367.0,,38336000.0,26281400.0,,,420900,1265600.0,24594900.0,12054600.0,,1649400.0,,,10405200.0,52579100.0,14374500.0,1296300.0,,,13078200.0,76540600.0,,,,,,,,-52579100.0,0,-52579100.0,,,38336000.0,13364000.0,13364000.0,,-87900.0,-87900.0,,-3790400.0,-3790400.0,,,9485700.0,9485700.0,,8819000.0,0,8819000.0,8819000.0,,
WINA,2024-02-28,2023,FY,2023-01-01,2023-12-30,https://api.polygon.io/v1/reference/sec/filings/0000908315-24-000010,83243500.0,31882200.0,4461500.0,,,31882200.0,78782000.0,,,25501400.0,25108700.0,,,392700.0,53280600.0,,,40178100.0,51361300.0,,,,,,,11183200.0,11695300.0,-512100.0,,,3091000.0,,,,,,40178100.0,0,,40178100.0,,40178100.0,0,,0,11.55,11.04,3479936.0,3640524.0,,28967700.0,16746500.0,,,386100,1392100.0,14968300.0,12221200.0,,1669800.0,,,10551400.0,88123800.0,10461600.0,1719400.0,,587700.0,8154500.0,77662200.0,,,,,,,,-59156100.0,0,-59156100.0,,,28967700.0,43994300.0,43994300.0,,-383900.0,-383900.0,,-43904500.0,-43904500.0,,,-294100.0,-294100.0,,40178100.0,0,40178100.0,40178100.0,,
WINA,2023-10-18,2023,Q3,2023-07-02,2023-09-30,https://api.polygon.io/v1/reference/sec/filings/0000908315-23-000037,22317800.0,7573000.0,,,,7573000.0,,,,7195300.0,6248200.0,,,947100.0,15122500.0,,,11149800.0,14744800.0,,,,,,,3595000.0,,,,,763100.0,,,,,700.0,11149800.0,0,,11149800.0,,11149800.0,0,,0,3.2,3.05,3485852.0,3653730.0,,55547500.0,43811600.0,,,290900,1095100.0,42425600.0,11735900.0,,1675900.0,,,10060000.0,90111000.0,11632400.0,1694900.0,,,9937500.0,78478600.0,,,,,,,,-34563500.0,0,-34563500.0,,,55547500.0,12079100.0,12079100.0,,-187800.0,-187800.0,,-3671700.0,-3671700.0,,,8219600.0,8219600.0,,11149800.0,0,11149800.0,11149800.0,,
WINA,2023-07-19,2023,Q2,2023-04-02,2023-07-01,https://api.polygon.io/v1/reference/sec/filings/0000908315-23-000027,20362200.0,7598200.0,,,,7598200.0,,,,7111400.0,5810000.0,,,1301400.0,13250800.0,,,10368800.0,12764000.0,,,,,,,2395200.0,,,,,779100.0,,,,,-700.0,10368800.0,0,,10368800.0,,10368800.0,0,,0,2.98,2.85,3478628.0,3634688.0,,47654000.0,35848100.0,,,446900,819700.0,34581500.0,11805900.0,,1593400.0,,,10212500.0,43613100.0,11803000.0,1638400.0,,,10164600.0,79464100.0,,,,,,,,-43613100.0,0,-43613100.0,,,47654000.0,9301800.0,9301800.0,,-91400.0,-91400.0,,-1465500.0,-1465500.0,,,7744900.0,7744900.0,,10368800.0,0,10368800.0,10368800.0,,
WINA,2023-04-19,2023,Q1,2023-01-01,2023-04-01,https://api.polygon.io/v1/reference/sec/filings/0000908315-23-000017,20523600.0,8807100.0,,,,8807100.0,,,,8135200.0,6636100.0,,,1499100.0,12388400.0,,,8942700.0,11716500.0,,,,,,,2773800.0,,,,,797600.0,,,,,-4600.0,8942700.0,0,,8942700.0,,8942700.0,0,,0,2.58,2.49,3460720.0,3594234.0,,39749800.0,27641000.0,,,414300,888000.0,26338700.0,12108800.0,,1606100.0,,,10502700.0,54045000.0,13229800.0,1443700.0,,,11786100.0,80565000.0,,,,,,,,-54045000.0,0,-54045000.0,,,39749800.0,13850500.0,13850500.0,,-5500.0,-5500.0,,-2894000.0,-2894000.0,,,10951000.0,10951000.0,,8942700.0,0,8942700.0,8942700.0,,
WINA,2023-03-10,2022,FY,2021-12-26,2022-12-31,https://api.polygon.io/v1/reference/sec/filings/0000908315-23-000010,81410800.0,30627300.0,3712800.0,,,30627300.0,77698000.0,,,24085200.0,23158400.0,,,926800.0,53612800.0,,,39424900.0,50783500.0,,,,,,,11358600.0,11646300.0,-287700.0,,,2914900.0,,,,,-57900.0,39424900.0,0,,39424900.0,,39424900.0,0,,0,11.3,10.97,3487732.0,3592456.0,,30455700.0,18103800.0,,,770600,1310400.0,16022800.0,12351900.0,,1704600.0,,,10647300.0,92087800.0,10595500.0,2122000.0,,755100.0,7718400.0,81492300.0,,,,,,,,-61632100.0,0,-61632100.0,,,30455700.0,43789300.0,43789300.0,,-3669700.0,-3669700.0,,-37876000.0,-37876000.0,,,2243600.0,2243600.0,,39424900.0,0,39424900.0,39424900.0,,
WINA,2022-10-12,2022,Q3,2022-06-26,2022-09-24,https://api.polygon.io/v1/reference/sec/filings/0000908315-22-000031,21164500.0,7542200.0,,,,7542200.0,,,,6743400.0,5671500.0,,,1071900.0,14421100.0,,,10368600.0,13622300.0,,,,,,,3253700.0,,,,,820500.0,,,,,-22000.0,10368600.0,0,,10368600.0,,10368600.0,0,,0,3.01,2.93,3439417.0,3540779.0,,33730400.0,21201900.0,,,637900,1006100.0,19557900.0,12528500.0,,1740700.0,,,10787800.0,94165500.0,11644800.0,1909900.0,,,9734900.0,82520700.0,,,,,,,,-60435100.0,0,-60435100.0,,,33730400.0,11836300.0,11836300.0,,-27000.0,-27000.0,,-3519900.0,-3519900.0,,,8289400.0,8289400.0,,10368600.0,0,10368600.0,10368600.0,,
WINA,2022-07-13,2022,Q2,2022-03-27,2022-06-25,https://api.polygon.io/v1/reference/sec/filings/0000908315-22-000027,19070800.0,7441500.0,,,,7441500.0,,,,6715700.0,5461600.0,,,1254100.0,12355100.0,,,9027200.0,11629300.0,,,,,,,2602100.0,,,,,712000.0,,,,,-15700.0,9027200.0,0,,9027200.0,,9027200.0,0,,0,2.61,2.54,3463886.0,3559231.0,,27054300.0,14276900.0,,,603400,861000.0,12812500.0,12777400.0,,1815300.0,,,10962100.0,68778700.0,12301400.0,1889300.0,,,10412100.0,83531600.0,,,,,,,,-68778700.0,0,-68778700.0,,,27054300.0,9021100.0,9021100.0,,-3561500.0,-3561500.0,,2949500.0,2949500.0,,,8409100.0,8409100.0,,9027200.0,0,9027200.0,9027200.0,,
WINA,2022-04-14,2022,Q1,2021-12-26,2022-03-26,https://api.polygon.io/v1/reference/sec/filings/0000908315-22-000019,20049800.0,7125600.0,,,,7125600.0,,,,6611600.0,5540000.0,,,1071600.0,13438200.0,,,9852500.0,12924200.0,,,,,,,3071700.0,,,,,513100.0,,,,,-8900.0,9852500.0,0,,9852500.0,,9852500.0,0,,0,2.74,2.65,3597926.0,3716322.0,,15270900.0,5886200.0,,,492300,985100.0,4408800.0,9384700.0,,1895900.0,,,7488800.0,65767700.0,12652700.0,1896000.0,,,10756700.0,68385900.0,,,,,,,,-65767700.0,0,-65767700.0,,,15270900.0,13347900.0,13347900.0,,-21500.0,-21500.0,,-24420900.0,-24420900.0,,,-11094500.0,-11094500.0,,9852500.0,0,9852500.0,9852500.0,,
WINA,2022-03-08,2021,FY,2020-12-27,2021-12-25,https://api.polygon.io/v1/reference/sec/filings/0000908315-22-000008,78216200.0,28348900.0,2940500.0,,,28348900.0,75275700.0,,,23939500.0,22295800.0,,,1643700.0,51336200.0,,,39919900.0,49867300.0,,,,,,,9947400.0,11309400.0,-1362000.0,,,1453900.0,,,,,-206600.0,39919900.0,0,,39919900.0,,39919900.0,0,,0,10.87,10.48,3671980.0,3810480.0,,26899000.0,17432300.0,,,325200,1008600.0,16098500.0,9466700.0,,1976900.0,,,7489800.0,65982400.0,9977600.0,2099000.0,,1085800.0,6792800.0,56004800.0,47687500.0,8317300.0,,,,,,-39083400.0,0,-39083400.0,,,26899000.0,48346200.0,48346200.0,,-283100.0,-283100.0,,-43310100.0,-43310100.0,,,4753000.0,4753000.0,,39919900.0,0,39919900.0,39919900.0,,
WINA,2021-10-13,2021,Q3,2021-06-27,2021-09-25,https://api.polygon.io/v1/reference/sec/filings/0000908315-21-000031,20153400.0,6706200.0,,,,6706200.0,,,,6364200.0,5380100.0,,,984100.0,13789200.0,,,10082500.0,13447200.0,,,,,,,3364700.0,,,,,323200.0,,,,,-55900.0,10082500.0,0,,10082500.0,,10082500.0,0,,0,2.77,2.67,3635055.0,3782873.0,,54971800.0,44419100.0,,,408600,958700.0,43051800.0,10552700.0,,2055800.0,,,8496900.0,67773900.0,10783900.0,1988600.0,,,8795300.0,56990000.0,,,,,,,,-12802100.0,0,-12802100.0,,,54971800.0,11921700.0,11921700.0,,-3200.0,-3200.0,,18417300.0,18417300.0,,,30335800.0,30335800.0,,10082500.0,0,10082500.0,10082500.0,,
WINA,2021-07-20,2021,Q2,2021-03-28,2021-06-26,https://api.polygon.io/v1/reference/sec/filings/0000908315-21-000026,19029600.0,7352100.0,,,,7352100.0,,,,7052700.0,5805200.0,,,1247500.0,11976900.0,,,8937300.0,11677500.0,,,,,,,2740200.0,,,,,304300.0,,,,,-62700.0,8937300.0,0,,8937300.0,,8937300.0,0,,0,2.42,2.33,3693503.0,3830844.0,,27019400.0,16141700.0,,,329400,687200.0,15125100.0,10877700.0,,2158200.0,,,8719500.0,12740500.0,11263100.0,1458000.0,,,9805100.0,28496800.0,,,,,,,,-12740500.0,0,-12740500.0,,,27019400.0,9539400.0,9539400.0,,-27000.0,-27000.0,,-10249000.0,-10249000.0,,,-736600.0,-736600.0,,8937300.0,0,8937300.0,8937300.0,,
WINA,2021-04-20,2021,Q1,2020-12-27,2021-03-27,https://api.polygon.io/v1/reference/sec/filings/0000908315-21-000018,18658900.0,6313200.0,,,,6313200.0,,,,6001900.0,5102300.0,,,899600.0,12657000.0,,,9311100.0,12345700.0,,,,,,,3034600.0,,,,,318100.0,,,,,-48700.0,9311100.0,0,,9311100.0,,9311100.0,0,,0,2.49,2.4,3736676.0,3874227.0,,30697700.0,19188800.0,,,110200,839900.0,18238700.0,11508900.0,,2253300.0,,,9255600.0,12804200.0,13625000.0,1399300.0,,,12225700.0,29876900.0,,,,,,,,-12804200.0,0,-12804200.0,,,30697700.0,13585000.0,13585000.0,,-99800.0,-99800.0,,-12184300.0,-12184300.0,,,1300900.0,1300900.0,,9311100.0,0,9311100.0,9311100.0,,
WINA,2021-03-09,2020,FY,2019-12-29,2020-12-26,https://api.polygon.io/v1/reference/sec/filings/0000908315-21-000011,66061800.0,27544400.0,2103900.0,,,27544400.0,63957900.0,,,23746400.0,21203100.0,,,2543300.0,40211500.0,,,29823300.0,38517400.0,,,,,,,8694100.0,9917800.0,-1223700.0,,,1737500.0,,,,,-79300.0,29823300.0,0,,29823300.0,,29823300.0,0,,0,8.02,7.72,3719485.0,3863264.0,,31343200.0,18276400.0,,,106600,995200.0,17174600.0,13066800.0,,2332800.0,,,10734000.0,42721900.0,11383700.0,1769600.0,,1051800.0,8562300.0,31338200.0,21937500.0,9400700.0,,,,,,-11378700.0,0,-11378700.0,,,31343200.0,43221300.0,43221300.0,,-4159100.0,-4159100.0,,-57558500.0,-57558500.0,,,-18496300.0,-18496300.0,,29823300.0,0,29823300.0,29823300.0,,
WINA,2020-10-20,2020,Q3,2020-06-28,2020-09-26,https://api.polygon.io/v1/reference/sec/filings/0000908315-20-000031,18277000.0,6115700.0,,,,6115700.0,,,,5779200.0,5009700.0,,,769500.0,12497800.0,,,9358800.0,12161300.0,,,,,,,2802500.0,,,,,345700.0,,,,,-339600.0,9358800.0,0,,9358800.0,,9358800.0,0,,0,2.51,2.43,3730490.0,3857702.0,,35838600.0,22023100.0,,,85100,1158800.0,20779200.0,13815500.0,,2439100.0,,,11376400.0,44672300.0,11657000.0,1272700.0,,,10384300.0,33015300.0,,,,,,,,-8833700.0,0,-8833700.0,,,35838600.0,8529900.0,8529900.0,,-469700.0,-469700.0,,-1080700.0,-1080700.0,,,6979500.0,6979500.0,,9358800.0,0,9358800.0,9358800.0,,
WINA,2020-07-21,2020,Q2,2020-03-29,2020-06-27,https://api.polygon.io/v1/reference/sec/filings/0001558370-20-008262,12389500.0,6237800.0,,,,6237800.0,,,,5711700.0,4960500.0,,,751200.0,6677800.0,,,5055200.0,6151700.0,,,,,,,1096500.0,,,,,538700.0,,,,,-111500.0,5055200.0,0,,5055200.0,,5055200.0,0,,0,1.37,1.33,3688248.0,3803807.0,,31626400.0,15971000.0,,,83800,966900.0,14920300.0,15655400.0,,2560100.0,,,13095300.0,18566200.0,15473400.0,1831600.0,,,13641800.0,34719200.0,,,,,,,,-18566200.0,0,-18566200.0,,,31626400.0,8879000.0,8879000.0,,-954700.0,-954700.0,,-34983400.0,-34983400.0,,,-27059100.0,-27059100.0,,5055200.0,0,5055200.0,5055200.0,,
WINA,2020-04-22,2020,Q1,2019-12-29,2020-03-28,https://api.polygon.io/v1/reference/sec/filings/0000908315-20-000018,18600000.0,9017500.0,,,,9017500.0,,,,8498200.0,5748900.0,,,2749300.0,10101800.0,,,7317000.0,9582500.0,,,,,,,2265500.0,,,,,525200.0,,,,,615400.0,7317000.0,0,,7317000.0,,7317000.0,0,,0,1.97,1.87,3711597.0,3911751.0,,59891800.0,43126800.0,,,105200,1221900.0,41799700.0,16765000.0,,2680700.0,,,14084300.0,29848200.0,13185600.0,1071200.0,,,12114400.0,76554400.0,,,,,,,,-29848200.0,0,-29848200.0,,,59891800.0,14363200.0,14363200.0,,-1737200.0,-1737200.0,,-9409300.0,-9409300.0,,,3216700.0,3216700.0,,7317000.0,0,7317000.0,7317000.0,,
WINA,2020-03-10,2019,FY,2018-12-30,2019-12-28,https://api.polygon.io/v1/reference/sec/filings/0000908315-20-000009,73298900.0,31831500.0,2469700.0,,,31831500.0,70829200.0,,,27698100.0,25745300.0,,,1952800.0,43131100.0,,,32149300.0,41467400.0,,,,,,,9318100.0,11133400.0,-1815300.0,,,1731100.0,,,,,-78300.0,32149300.0,0,,32149300.0,,32149300.0,0,,0,8.37,7.84,3840638.0,4100629.0,,61842200.0,41201900.0,,,86000,968100.0,40147800.0,20640300.0,,2772600.0,,,17867700.0,49393900.0,11931900.0,1015000.0,,887900.0,10029000.0,37462000.0,25687500.0,11774500.0,,,,,,12448300.0,0,12448300.0,,,61842200.0,50647200.0,50647200.0,,-9178400.0,-9178400.0,,-18864500.0,-18864500.0,,,22604300.0,22604300.0,,32149300.0,0,32149300.0,32149300.0,,
WINA,2019-10-22,2019,Q3,2019-06-30,2019-09-28,https://api.polygon.io/v1/reference/sec/filings/0000908315-19-000033,19680900.0,0.0,,,,7406200.0,,,,7406200.0,6217600.0,,,1188600.0,12274700.0,,,9113800.0,11869000.0,,,,,,,2755200.0,,,,,406200.0,,,,,-55500.0,9113800.0,0,,9113800.0,,9113800.0,0,,0,2.39,2.24,3808863.0,4065301.0,,48507500.0,24983300.0,,,69700,1012500.0,23901100.0,23524200.0,,2863700.0,,,20660500.0,51633500.0,12395200.0,1185300.0,,,11209900.0,39238300.0,,,,,,,,-3126000.0,0,-3126000.0,,,48507500.0,14353900.0,14353900.0,,-2240200.0,-2240200.0,,-5717700.0,-5717700.0,,,6396000.0,6396000.0,,9113800.0,0,9113800.0,0.0,,
WINA,2019-07-23,2019,Q2,2019-03-31,2019-06-29,https://api.polygon.io/v1/reference/sec/filings/0000908315-19-000024,17404200.0,0.0,,,,7557300.0,,,,7557300.0,6435900.0,,,1121400.0,9846900.0,,,7301900.0,9340500.0,,,,,,,2038600.0,,,,,500300.0,,,,,69300.0,7301900.0,0,,7301900.0,,7301900.0,0,,0,1.94,1.79,3771439.0,4072408.0,,46156100.0,21175900.0,,,114400,853000.0,20208500.0,24980200.0,,1936400.0,,,23043800.0,13830400.0,12085000.0,1167400.0,,,10917600.0,47901500.0,,,,,,,,-13830400.0,0,-13830400.0,,,46156100.0,9548000.0,9548000.0,,-3991500.0,-3991500.0,,-5522100.0,-5522100.0,,,34400.0,34400.0,,7301900.0,0,7301900.0,0.0,,
WINA,2019-04-26,2019,Q1,2018-12-30,2019-03-30,https://api.polygon.io/v1/reference/sec/filings/0000908315-19-000018,18331200.0,0.0,,,,8264700.0,,,,8264700.0,6984400.0,,,1280300.0,10066500.0,,,7272200.0,9624000.0,,,,,,,2351800.0,,,,,442200.0,,,,,10100.0,7272200.0,0,,7272200.0,,7272200.0,0,,0,1.86,1.73,3906895.0,4198454.0,,46831800.0,20976700.0,,1455500.0,113800,954100.0,18453300.0,25855100.0,,908800.0,,,24946300.0,21495100.0,14109100.0,1717800.0,,,12391300.0,54217800.0,,,,,,,,-21495100.0,0,-21495100.0,,,46831800.0,14166000.0,14166000.0,,-1840100.0,-1840100.0,,-13770100.0,-13770100.0,,,-1444200.0,-1444200.0,,7272200.0,0,7272200.0,0.0,,
WINA,2019-03-08,2018,FY,2017-12-31,2018-12-29,https://api.polygon.io/v1/reference/sec/filings/0000908315-19-000008,72511100.0,33228000.0,2741100.0,,,33228000.0,69770000.0,,,28006200.0,26038300.0,,,1967900.0,41763800.0,,,30125500.0,39283100.0,,,,,,,9157600.0,8329800.0,827800.0,,,2447500.0,,,,,38600.0,30125500.0,0,,30125500.0,,30125500.0,0,,0,7.77,7.26,3874757.0,4149779.0,,46663100.0,24251300.0,,1553100.0,107600,901600.0,21689000.0,22411800.0,,866200.0,,,21545600.0,51471600.0,12483300.0,1351800.0,,1490700.0,9640800.0,38988300.0,,,,,,,,-4808500.0,0,-4808500.0,,,46663100.0,34937000.0,34937000.0,,453900.0,453900.0,,-33978100.0,-33978100.0,,,1412800.0,1412800.0,,30125500.0,0,30125500.0,30125500.0,,
WINA,2018-10-23,2018,Q3,2018-07-01,2018-09-29,https://api.polygon.io/v1/reference/sec/filings/0000908315-18-000036,19118500.0,0.0,,,,7683200.0,,,,7683200.0,6208800.0,,,1474400.0,11435300.0,,,8364300.0,10857400.0,,,,,,,2493100.0,,65600.0,,,576900.0,,,,,-55600.0,8364300.0,0,,8364300.0,,8364300.0,0,,0,2.15,2.01,3886473.0,4164339.0,,50494500.0,21771400.0,,1756900.0,128200,1075400.0,18810900.0,28723100.0,,725500.0,,,27997600.0,62203200.0,13125600.0,1445000.0,,,11680600.0,49077600.0,,,,,,,,-11708700.0,0,-11708700.0,,,50494500.0,9225500.0,9225500.0,,-2033000.0,-2033000.0,,-7288200.0,-7288200.0,,,-95700.0,-95700.0,,8364300.0,0,8364300.0,0.0,,
WINA,2018-07-24,2018,Q2,2018-04-01,2018-06-30,https://api.polygon.io/v1/reference/sec/filings/0000908315-18-000027,18159800.0,0.0,,,,8085100.0,,,,8085100.0,6799300.0,,,1285800.0,10074700.0,,,7143000.0,9405500.0,,,,,,,2262500.0,,,,,657900.0,,,,,109000.0,7143000.0,0,,7143000.0,,7143000.0,0,,0,1.85,1.73,3858446.0,4133535.0,,48817000.0,20801900.0,,1502000.0,150100,765800.0,18384000.0,28015100.0,,630400.0,,,27384700.0,69574800.0,12874900.0,1502900.0,,,11372000.0,56699900.0,,,,,,,,-20757800.0,0,-20757800.0,,,48817000.0,8094200.0,8094200.0,,-1869700.0,-1869700.0,,-6792200.0,-6792200.0,,,-567700.0,-567700.0,,7143000.0,0,7143000.0,0.0,,
WINA,2018-05-01,2018,Q1,2017-12-31,2018-03-31,https://api.polygon.io/v1/reference/sec/filings/0000908315-18-000020,18161000.0,0.0,,,,8086800.0,,,,8086800.0,6694400.0,,,1392400.0,10074200.0,,,6960400.0,9329400.0,,,,,,,2369000.0,,,,,743800.0,,,,,95000.0,6960400.0,0,,6960400.0,,6960400.0,0,,0,1.81,1.69,3847312.0,4124573.0,,47724800.0,19828600.0,,1592800.0,79700,653300.0,17502800.0,27896200.0,,581200.0,,,27315000.0,76361900.0,12065700.0,2067600.0,,,9998100.0,64296200.0,,,,,,,,-28637100.0,0,-28637100.0,,,47724800.0,10298900.0,10298900.0,,-486000.0,-486000.0,,-9070500.0,-9070500.0,,,742400.0,742400.0,,6960400.0,0,6960400.0,0.0,,
WINA,2018-03-09,2017,FY,2017-01-01,2017-12-30,https://api.polygon.io/v1/reference/sec/filings/0000908315-18-000009,69745900.0,33314800.0,2432600.0,2432600.0,,33314800.0,67313300.0,,,28528700.0,25250600.0,,,3278100.0,38784600.0,,,24565100.0,36431100.0,,,,,,,11866000.0,13241400.0,-1375400.0,,,2366400.0,,,,,9000.0,24565100.0,0,,24565100.0,,24565100.0,0,,0,6.06,5.66,4056049.0,4339944.0,,48404800.0,21365200.0,,1796000.0,97100,814800.0,18657300.0,27039600.0,,486800.0,,,26552800.0,79083000.0,9453400.0,2073000.0,,970200.0,6410200.0,69629600.0,,,,,,,,-30678200.0,0,-30678200.0,,,48404800.0,25157700.0,25157700.0,,85200.0,85200.0,,-25422600.0,-25422600.0,,,-179700.0,-179700.0,,24575000.0,0,24575000.0,24575000.0,,9900.0
WINA,2017-10-24,2017,Q3,2017-07-02,2017-09-30,https://api.polygon.io/v1/reference/sec/filings/0000908315-17-000015,17567900.0,0.0,728300.0,728300.0,,7715900.0,16839600.0,,,7715900.0,6208900.0,,,778700.0,9852000.0,,,5719000.0,9266100.0,,,,,,,3547100.0,,13100.0,,,613900.0,,,,,-13300.0,5719000.0,0,,5719000.0,,5719000.0,0,,0,1.42,1.33,4024692.0,4314412.0,,47178400.0,21773700.0,,1708100.0,67000,865400.0,19133200.0,25404700.0,,547700.0,,,24857000.0,86568100.0,9266100.0,1474600.0,,,7791500.0,77302000.0,,,,,,,,-39389700.0,0,-39389700.0,,,47178400.0,5842200.0,5842200.0,,582200.0,582200.0,,-6435600.0,-6435600.0,,,-11200.0,-11200.0,,5719000.0,0,5718600.0,0.0,,-400.0
WINA,2017-07-25,2017,Q2,2017-04-02,2017-07-01,https://api.polygon.io/v1/reference/sec/filings/0001558370-17-005294,16749500.0,0.0,499100.0,499100.0,,7615300.0,16250400.0,,,7615300.0,6467100.0,,,649100.0,9134200.0,,,5773200.0,8688000.0,,,,,,,2914800.0,,,,,446300.0,,,,,-11500.0,5773200.0,0,,5773200.0,,5773200.0,0,,0,1.37,1.29,4201982.0,4483647.0,,47038400.0,21281800.0,,1597200.0,99400,468800.0,19116400.0,25756600.0,,625100.0,,,25131500.0,42407000.0,7584300.0,1409500.0,,,6174800.0,34822700.0,,,,,,,,4631400.0,0,4631400.0,,,47038400.0,4662400.0,4662400.0,,641300.0,641300.0,,-5955200.0,-5955200.0,,,-651500.0,-651500.0,,5773200.0,0,5778700.0,0.0,,5500.0
WINA,2017-04-25,2017,Q1,2017-01-01,2017-04-01,https://api.polygon.io/v1/reference/sec/filings/0001558370-17-002852,17623800.0,0.0,715000.0,715000.0,,8488400.0,16908800.0,,,8488400.0,6503400.0,,,1270000.0,9135400.0,,,5416400.0,8638100.0,,,,,,,3221700.0,,,,,499100.0,,,,,-1400.0,5416400.0,0,,5416400.0,,5416400.0,0,,0,1.3,1.22,4167132.0,4450495.0,,47396000.0,20801800.0,,1513400.0,106200,809400.0,18372800.0,26594200.0,,683000.0,,,25911200.0,49677700.0,8357200.0,1249800.0,,,7107400.0,41320500.0,,,,,,,,-2281700.0,0,-2281700.0,,,47396000.0,8733700.0,8733700.0,,-235300.0,-235300.0,,-8027900.0,-8027900.0,,,470500.0,470500.0,,5416400.0,0,5421200.0,0.0,,4800.0
WINA,2017-03-10,2016,FY,2015-12-27,2016-12-31,https://api.polygon.io/v1/reference/sec/filings/0001558370-17-001591,66580300.0,30634300.0,2101400.0,2101400.0,,30634300.0,64478900.0,,,26177900.0,23835600.0,,,2342300.0,38301000.0,,,22217600.0,35946000.0,,,,,,,13728400.0,14011300.0,-282900.0,,,2342800.0,,,,,18500.0,22217600.0,0,,22217600.0,,22217600.0,0,,0,5.39,5.13,4122854.0,4330490.0,,48581600.0,22793800.0,,1479200.0,87500,1050700.0,20176400.0,25787800.0,,769600.0,,,25018200.0,56433600.0,7357800.0,1692000.0,,722500.0,4943300.0,49075800.0,,,,,,,,-7852000.0,0,-7852000.0,,,48581600.0,25662300.0,25662300.0,,-3220700.0,-3220700.0,,-22195400.0,-22195400.0,,,246200.0,246200.0,,22240600.0,0,22240600.0,22240600.0,,23000.0
WINA,2016-10-18,2016,Q3,2016-06-26,2016-09-24,https://api.polygon.io/v1/reference/sec/filings/0001558370-16-008630,16734300.0,0.0,499100.0,499100.0,,6296300.0,16235200.0,,,6296300.0,5180700.0,,,616500.0,10438000.0,,,6094200.0,9879400.0,,,,,,,3785200.0,,,,,552300.0,,,,,-29700.0,6094200.0,0,,6094200.0,,6094200.0,0,,0,1.48,1.41,4116957.0,4328168.0,,43495700.0,20970200.0,,1555300.0,95600,921000.0,18398300.0,22525500.0,,847700.0,,,21677800.0,59213300.0,7425100.0,1118900.0,,,6306200.0,51788200.0,,,,,,,,-15717600.0,0,-15717600.0,,,43495700.0,6780100.0,6780100.0,,-586600.0,-586600.0,,-6131400.0,-6131400.0,,,62100.0,62100.0,,6094200.0,0,6098400.0,0.0,,4200.0
WINA,2016-07-20,2016,Q2,2016-03-27,2016-06-25,https://api.polygon.io/v1/reference/sec/filings/0001104659-16-133483,16299800.0,0.0,588300.0,588300.0,,6976700.0,15711500.0,,,6976700.0,5936200.0,,,452200.0,9323100.0,,,5394300.0,8738800.0,,,,,,,3344500.0,,,,,593800.0,,,,,-7900.0,5394300.0,0,,5394300.0,,5394300.0,0,,0,1.31,1.25,4110429.0,4318763.0,,42817800.0,20796900.0,,1388800.0,81200,790400.0,18536500.0,22020900.0,,935700.0,,,21085200.0,64744600.0,7169300.0,990100.0,,,6179200.0,57575300.0,,,,,,,,-21926800.0,0,-21926800.0,,,42817800.0,2549400.0,2549400.0,,1303600.0,1303600.0,,-4007200.0,-4007200.0,,,-154200.0,-154200.0,,5394300.0,0,5406000.0,0.0,,11700.0
WINA,2016-04-21,2016,Q1,2015-12-27,2016-03-26,https://api.polygon.io/v1/reference/sec/filings/0001104659-16-113086,16180300.0,0.0,697400.0,697400.0,,8141700.0,15482900.0,,,8141700.0,6554600.0,,,889700.0,8038600.0,,,4562900.0,7387400.0,,,,,,,2824500.0,,,,630200.0,640700.0,3900.0,-10500.0,,,-14400.0,4562900.0,0,,4562900.0,,4562900.0,0,,0,1.11,1.06,4114071.0,4313920.0,,43755500.0,21942900.0,,1345800.0,80300,946300.0,19570500.0,21812600.0,,1032200.0,,,20780400.0,71013500.0,9946200.0,2070000.0,,,7876200.0,61067300.0,,,,,,,,-27258000.0,0,-27258000.0,,,43755500.0,10606800.0,10606800.0,,606100.0,606100.0,,-11006600.0,-11006600.0,,,206300.0,206300.0,,4562900.0,0,4572600.0,0.0,,9700.0
WINA,2016-03-08,2015,FY,2014-12-28,2015-12-26,https://api.polygon.io/v1/reference/sec/filings/0001104659-16-103213,69447800.0,34223000.0,2653100.0,2653100.0,,34223000.0,66794700.0,,,29704000.0,24094400.0,,,5609600.0,37090700.0,,,21799700.0,35224800.0,,,,,,,13425100.0,15567200.0,-2142100.0,,1738500.0,1802200.0,-213400.0,-63700.0,,,149700.0,21799700.0,0,,21799700.0,,21799700.0,0,,0,4.89,4.69,4458927.0,4651527.0,,47406300.0,24431300.0,,1416900.0,45200,677800.0,22291400.0,22975000.0,,1121500.0,,,21853500.0,78080100.0,7510900.0,1643300.0,,414300.0,5453300.0,70569200.0,,,,,,,,-30673800.0,0,-30673800.0,,,47406300.0,22299500.0,22299500.0,,4499500.0,4499500.0,,-27882000.0,-27882000.0,,,-1083000.0,-1083000.0,,21803900.0,0,21803900.0,21803900.0,,4200.0
WINA,2015-10-21,2015,Q3,2015-06-28,2015-09-26,https://api.polygon.io/v1/reference/sec/filings/0001104659-15-071837,15999500.0,0.0,711600.0,711600.0,,6657700.0,15287900.0,,,6657700.0,5733900.0,,,212200.0,9341800.0,,,5339600.0,8641700.0,,,,,,,3302100.0,,,,675300.0,687700.0,-51200.0,-12400.0,,,38800.0,5339600.0,0,,5339600.0,,5339600.0,0,,0,1.29,1.23,4128031.0,4338230.0,,46774600.0,22534200.0,,1314200.0,59600,757500.0,20402900.0,24240400.0,,1218800.0,,,23021600.0,82786400.0,11398300.0,1208400.0,,,10189900.0,71388100.0,,,,,,,,-36011800.0,0,-36011800.0,,,46774600.0,5363600.0,5363600.0,,-1734600.0,-1734600.0,,-3689100.0,-3689100.0,,,-60100.0,-60100.0,,5339600.0,0,5320500.0,0.0,,-19100.0
WINA,2015-07-23,2015,Q2,2015-03-29,2015-06-27,https://api.polygon.io/v1/reference/sec/filings/0001104659-15-052879,15476700.0,0.0,645800.0,645800.0,,7392500.0,14830900.0,,,7392500.0,6329300.0,,,417400.0,8084200.0,,,4751400.0,7724400.0,,,,,,,2973000.0,,,,379200.0,369500.0,102800.0,9700.0,,,-93100.0,4751400.0,0,,4751400.0,,4751400.0,0,,0,1.04,1.0,4578934.0,4768777.0,,45289800.0,23335100.0,,1241500.0,60800,581600.0,21451200.0,21954700.0,,1293700.0,,,20661000.0,86767700.0,11855400.0,1555500.0,,,10299900.0,74912300.0,,,,,,,,-41477900.0,0,-41477900.0,,,45289800.0,1052500.0,1052500.0,,3860800.0,3860800.0,,-5952800.0,-5952800.0,,,-1039500.0,-1039500.0,,4751400.0,0,4745100.0,0.0,,-6300.0
WINA,2015-04-23,2015,Q1,2014-12-28,2015-03-28,https://api.polygon.io/v1/reference/sec/filings/0001104659-15-029590,21024100.0,0.0,698200.0,698200.0,,11050000.0,20325900.0,,,11050000.0,6163500.0,,,4188300.0,9974100.0,,,6054300.0,9829300.0,,,,,,,3775000.0,,,,26600.0,85700.0,10000.0,-59100.0,,,-69100.0,6054300.0,0,,6054300.0,,6054300.0,0,,0,1.21,1.17,4999475.0,5167466.0,,49073800.0,23403200.0,,1189000.0,76100,530100.0,21608000.0,25670600.0,,1365400.0,,,24305200.0,21259100.0,17766500.0,2462800.0,,,15303700.0,3492600.0,,,,,,,,27814700.0,0,27814700.0,,,49073800.0,11747500.0,11747500.0,,1506300.0,1506300.0,,-13183200.0,-13183200.0,,,70600.0,70600.0,,6054300.0,0,6083100.0,0.0,,28800.0
